>ATTCCATTSNAT	13-ATTCCATTSNAT	4.826777	-658.564164	0	T:24481.0(40.73%),B:19928.7(33.66%),P:1e-286
0.597	0.186	0.080	0.137
0.123	0.034	0.042	0.801
0.046	0.145	0.144	0.665
0.079	0.628	0.225	0.068
0.073	0.870	0.001	0.056
0.563	0.127	0.001	0.309
0.158	0.059	0.120	0.663
0.034	0.065	0.105	0.796
0.126	0.318	0.377	0.179
0.248	0.216	0.343	0.194
0.471	0.234	0.094	0.202
0.334	0.044	0.134	0.488
