>TTTGCATDACAA	4-TTGTHATGCAAA	7.726167	-2859.389273	0	T:4892.0(8.14%),B:1335.0(2.25%),P:1e-1241
0.021	0.062	0.007	0.910
0.034	0.205	0.018	0.743
0.207	0.003	0.016	0.774
0.214	0.060	0.686	0.040
0.174	0.791	0.015	0.020
0.877	0.037	0.017	0.069
0.148	0.040	0.021	0.791
0.365	0.144	0.251	0.241
0.525	0.046	0.063	0.366
0.035	0.527	0.301	0.137
0.894	0.049	0.007	0.050
0.877	0.027	0.052	0.044
