>GGGAGGAATTTC	14-GGGAGGAATTTC	7.049229	-495.954924	0	T:4789.0(7.97%),B:2936.6(4.96%),P:1e-215
0.082	0.019	0.850	0.049
0.035	0.021	0.904	0.040
0.074	0.252	0.643	0.031
0.754	0.009	0.043	0.194
0.032	0.007	0.937	0.024
0.023	0.023	0.942	0.012
0.819	0.074	0.078	0.029
0.825	0.028	0.105	0.042
0.060	0.043	0.050	0.847
0.010	0.068	0.073	0.849
0.024	0.095	0.043	0.838
0.068	0.793	0.087	0.052
