>NRVTGASTCABN	6-NRVTGASTCABN,BestGuess:Jun-AP1(bZIP)/K562-cJun-ChIP-Seq(GSE31477)/Homer(0.987)	7.546215	-2496.583922	0	T:4305.0(7.16%),B:1177.9(1.99%),P:1e-1084
0.218	0.221	0.320	0.241
0.220	0.214	0.367	0.199
0.306	0.388	0.266	0.040
0.013	0.001	0.040	0.946
0.008	0.020	0.939	0.033
0.909	0.051	0.013	0.027
0.054	0.402	0.478	0.065
0.036	0.001	0.014	0.949
0.022	0.951	0.019	0.008
0.960	0.011	0.004	0.025
0.038	0.325	0.341	0.297
0.243	0.333	0.190	0.233
