>GTGACGTCATCG	19-GTGACGTCATCG	7.639691	-401.537507	0	T:1970.0(3.28%),B:962.2(1.63%),P:1e-174
0.118	0.130	0.716	0.036
0.036	0.043	0.041	0.880
0.067	0.087	0.821	0.025
0.850	0.037	0.081	0.032
0.058	0.730	0.086	0.126
0.081	0.095	0.744	0.080
0.027	0.091	0.047	0.835
0.039	0.854	0.083	0.024
0.837	0.072	0.042	0.049
0.044	0.242	0.182	0.532
0.073	0.689	0.142	0.096
0.184	0.195	0.512	0.109
