>MCCRCTAGMYCA	20-TGRKCTAGYGGK	8.661516	-306.645038	0	T:132.0(0.22%),B:6.0(0.01%),P:1e-133
0.411	0.344	0.015	0.231
0.172	0.644	0.029	0.155
0.021	0.584	0.021	0.374
0.243	0.236	0.389	0.132
0.148	0.575	0.144	0.133
0.294	0.028	0.021	0.657
0.633	0.189	0.025	0.153
0.027	0.164	0.658	0.151
0.393	0.271	0.218	0.118
0.036	0.456	0.196	0.312
0.022	0.476	0.319	0.183
0.759	0.023	0.189	0.029
