>GCTACTTAGCGG	25-CCGCTAAGTAGC	10.958482	-156.047028	0	T:106.0(0.18%),B:10.5(0.02%),P:1e-67
0.068	0.028	0.881	0.023
0.010	0.695	0.018	0.277
0.032	0.018	0.025	0.925
0.929	0.020	0.028	0.023
0.272	0.646	0.028	0.054
0.010	0.038	0.247	0.705
0.023	0.020	0.013	0.944
0.939	0.028	0.013	0.020
0.028	0.025	0.939	0.008
0.033	0.916	0.018	0.033
0.343	0.040	0.566	0.051
0.034	0.035	0.919	0.012
