>TGRKCTAGYGGK	20-TGRKCTAGYGGK,BestGuess:OVOL2/MA1545.1/Jaspar(0.559)	8.661516	-306.645038	0	T:132.0(0.22%),B:6.0(0.01%),P:1e-133
0.029	0.189	0.023	0.759
0.183	0.319	0.476	0.022
0.312	0.196	0.456	0.036
0.118	0.218	0.271	0.393
0.151	0.658	0.164	0.027
0.153	0.025	0.189	0.633
0.657	0.021	0.028	0.294
0.133	0.144	0.575	0.148
0.132	0.389	0.236	0.243
0.374	0.021	0.584	0.021
0.155	0.029	0.644	0.172
0.231	0.015	0.344	0.411
