>TCCATTCGGTTC	23-GAACCGAATGGA	9.269211	-222.770448	0	T:81.0(0.13%),B:2.9(0.00%),P:1e-96
0.024	0.080	0.238	0.658
0.081	0.594	0.128	0.197
0.190	0.572	0.187	0.051
0.707	0.031	0.183	0.079
0.030	0.082	0.263	0.625
0.042	0.230	0.045	0.683
0.246	0.568	0.119	0.067
0.041	0.312	0.600	0.047
0.274	0.031	0.481	0.215
0.179	0.032	0.264	0.525
0.187	0.019	0.067	0.727
0.076	0.607	0.084	0.233
