>CGTAAACA	1-CGTAAACA	9.838321	-995.961558	0	T:344.0(34.40%),B:8884.9(0.86%),P:1e-432	Tpos:95.4,Tstd:53.7,Bpos:99.5,Bstd:68.9,StrandBias:0.0,Multiplicity:1.01
0.001	0.706	0.292	0.001
0.001	0.001	0.997	0.001
0.001	0.001	0.001	0.997
0.997	0.001	0.001	0.001
0.997	0.001	0.001	0.001
0.997	0.001	0.001	0.001
0.001	0.997	0.001	0.001
0.997	0.001	0.001	0.001
>TGTTTAYS	2-TGTTTAYS	7.115164	-874.134664	0	T:516.0(51.60%),B:52305.4(5.05%),P:1e-379	Tpos:92.4,Tstd:54.6,Bpos:99.4,Bstd:70.0,StrandBias:-0.2,Multiplicity:1.04
0.001	0.186	0.075	0.738
0.389	0.035	0.575	0.001
0.279	0.054	0.080	0.587
0.044	0.044	0.001	0.911
0.203	0.085	0.002	0.710
0.669	0.203	0.127	0.001
0.001	0.499	0.001	0.499
0.001	0.482	0.516	0.001
>ATAAACAA	3-ATAAACAA	9.789188	-542.827643	0	T:336.0(33.60%),B:33015.1(3.19%),P:1e-235	Tpos:103.5,Tstd:52.6,Bpos:100.4,Bstd:69.2,StrandBias:-0.3,Multiplicity:1.02
0.720	0.001	0.278	0.001
0.001	0.001	0.001	0.997
0.997	0.001	0.001	0.001
0.997	0.001	0.001	0.001
0.997	0.001	0.001	0.001
0.001	0.997	0.001	0.001
0.997	0.001	0.001	0.001
0.997	0.001	0.001	0.001
>ASGTGCGA	4-ASGTGCGA	5.655423	-441.968881	0	T:351.0(35.10%),B:51313.2(4.96%),P:1e-191	Tpos:95.5,Tstd:52.1,Bpos:99.5,Bstd:67.4,StrandBias:0.2,Multiplicity:1.06
0.971	0.009	0.019	0.001
0.145	0.394	0.287	0.173
0.010	0.001	0.988	0.001
0.001	0.001	0.007	0.991
0.014	0.008	0.977	0.001
0.001	0.860	0.001	0.138
0.001	0.001	0.970	0.028
0.997	0.001	0.001	0.001
>CSTAGGTG	5-CSTAGGTG	7.063576	-314.669362	0	T:225.0(22.50%),B:26435.8(2.55%),P:1e-136	Tpos:104.8,Tstd:54.3,Bpos:100.1,Bstd:68.1,StrandBias:-0.0,Multiplicity:1.02
0.001	0.997	0.001	0.001
0.156	0.426	0.380	0.038
0.014	0.004	0.001	0.981
0.995	0.003	0.001	0.001
0.023	0.049	0.852	0.076
0.008	0.001	0.990	0.001
0.001	0.001	0.001	0.997
0.001	0.001	0.997	0.001
>GGATTGCA	6-GGATTGCA	8.322090	-228.199606	0	T:175.0(17.50%),B:22350.3(2.16%),P:1e-99	Tpos:102.3,Tstd:55.3,Bpos:99.7,Bstd:67.1,StrandBias:-0.4,Multiplicity:1.04
0.001	0.217	0.781	0.001
0.001	0.083	0.605	0.311
0.997	0.001	0.001	0.001
0.001	0.001	0.001	0.997
0.001	0.001	0.001	0.997
0.001	0.001	0.997	0.001
0.001	0.997	0.001	0.001
0.983	0.001	0.015	0.001
>CGTGTGAT	7-CGTGTGAT	6.355510	-220.651519	0	T:256.0(25.60%),B:56409.5(5.45%),P:1e-95	Tpos:103.2,Tstd:52.3,Bpos:100.3,Bstd:66.5,StrandBias:-0.4,Multiplicity:1.09
0.001	0.605	0.393	0.001
0.001	0.001	0.997	0.001
0.195	0.001	0.065	0.739
0.163	0.063	0.773	0.001
0.001	0.250	0.063	0.686
0.215	0.001	0.570	0.214
0.997	0.001	0.001	0.001
0.001	0.309	0.010	0.680
>TCCCTGGA	8-TCCCTGGA	5.652500	-169.713568	0	T:400.0(40.00%),B:164443.3(15.89%),P:1e-73	Tpos:96.2,Tstd:55.8,Bpos:100.2,Bstd:63.4,StrandBias:-0.2,Multiplicity:1.13
0.001	0.001	0.001	0.997
0.001	0.997	0.001	0.001
0.225	0.641	0.001	0.133
0.001	0.743	0.255	0.001
0.181	0.101	0.001	0.717
0.181	0.001	0.817	0.001
0.001	0.001	0.997	0.001
0.997	0.001	0.001	0.001
>TTCCGAAG	9-TTCCGAAG	5.373991	-169.179374	0	T:433.0(43.30%),B:189223.2(18.29%),P:1e-73	Tpos:101.9,Tstd:56.4,Bpos:99.7,Bstd:64.9,StrandBias:-0.1,Multiplicity:1.18
0.004	0.006	0.006	0.984
0.001	0.001	0.002	0.996
0.001	0.997	0.001	0.001
0.001	0.916	0.015	0.068
0.074	0.110	0.604	0.212
0.751	0.020	0.170	0.059
0.905	0.001	0.090	0.004
0.013	0.001	0.985	0.001
>TGCAACGC	10-TGCAACGC	6.064639	-69.018838	0	T:184.0(18.40%),B:75496.8(7.30%),P:1e-29	Tpos:99.1,Tstd:56.3,Bpos:100.2,Bstd:65.9,StrandBias:0.5,Multiplicity:1.10
0.064	0.098	0.052	0.786
0.060	0.044	0.863	0.033
0.042	0.833	0.032	0.093
0.772	0.013	0.142	0.073
0.783	0.120	0.026	0.071
0.077	0.604	0.030	0.289
0.073	0.157	0.672	0.098
0.047	0.702	0.152	0.099
>AGTAAACA	11-AGTAAACA	8.236954	-48.640239	0	T:60.0(6.00%),B:13421.8(1.30%),P:1e-21	Tpos:114.6,Tstd:54.7,Bpos:100.4,Bstd:69.4,StrandBias:-0.2,Multiplicity:1.00
0.700	0.100	0.100	0.100
0.100	0.100	0.700	0.100
0.100	0.100	0.100	0.700
0.700	0.100	0.100	0.100
0.700	0.100	0.100	0.100
0.700	0.100	0.100	0.100
0.100	0.700	0.100	0.100
0.700	0.100	0.100	0.100
>TGACCTTT	12-TGACCTTT	8.265190	-22.148721	0	T:56.0(5.60%),B:22252.1(2.15%),P:1e-9	Tpos:98.0,Tstd:54.5,Bpos:99.7,Bstd:65.3,StrandBias:0.1,Multiplicity:1.00
0.001	0.203	0.075	0.721
0.001	0.001	0.997	0.001
0.997	0.001	0.001	0.001
0.001	0.997	0.001	0.001
0.001	0.997	0.001	0.001
0.001	0.001	0.018	0.980
0.001	0.001	0.001	0.997
0.001	0.179	0.001	0.819
>GGGCCCTC	13-GGGCCCTC	4.702052	-13.615731	0	T:268.0(26.80%),B:212479.8(20.53%),P:1e-5	Tpos:102.3,Tstd:55.6,Bpos:100.1,Bstd:53.1,StrandBias:-0.2,Multiplicity:1.39
0.102	0.068	0.746	0.084
0.060	0.041	0.835	0.064
0.104	0.160	0.683	0.053
0.060	0.813	0.071	0.056
0.115	0.750	0.064	0.071
0.070	0.748	0.047	0.135
0.050	0.170	0.074	0.706
0.077	0.729	0.128	0.066
