>CACCTAGGTGTG	1-CACCTAGGTGTG	9.764041	-1184.358787	0	T:301.0(30.10%),B:2551.1(0.25%),P:1e-514	Tpos:104.7,Tstd:54.3,Bpos:100.0,Bstd:68.9,StrandBias:0.0,Multiplicity:1.00
0.001	0.994	0.004	0.001
0.974	0.013	0.012	0.001
0.021	0.913	0.018	0.048
0.199	0.561	0.165	0.075
0.047	0.059	0.032	0.862
0.899	0.011	0.050	0.040
0.075	0.223	0.526	0.176
0.031	0.011	0.949	0.009
0.001	0.014	0.001	0.984
0.008	0.006	0.985	0.001
0.040	0.332	0.007	0.621
0.029	0.115	0.734	0.122
>TTGTTTACGTTK	2-TTGTTTACGTTK	8.242699	-1114.119741	0	T:433.0(43.30%),B:16548.8(1.60%),P:1e-483	Tpos:97.6,Tstd:53.7,Bpos:99.6,Bstd:68.5,StrandBias:0.0,Multiplicity:1.02
0.117	0.018	0.119	0.746
0.001	0.001	0.001	0.997
0.007	0.001	0.991	0.001
0.001	0.001	0.001	0.997
0.001	0.001	0.001	0.997
0.001	0.001	0.001	0.997
0.997	0.001	0.001	0.001
0.001	0.888	0.001	0.110
0.001	0.281	0.653	0.065
0.103	0.164	0.150	0.583
0.121	0.019	0.041	0.819
0.177	0.127	0.322	0.374
>ACACTTACGTGT	3-ACACTTACGTGT	8.370176	-935.489083	0	T:357.0(35.70%),B:12360.0(1.19%),P:1e-406	Tpos:92.9,Tstd:50.3,Bpos:100.5,Bstd:71.1,StrandBias:-0.5,Multiplicity:1.01
0.651	0.001	0.347	0.001
0.001	0.997	0.001	0.001
0.997	0.001	0.001	0.001
0.001	0.846	0.068	0.085
0.195	0.255	0.042	0.508
0.159	0.001	0.092	0.748
0.577	0.043	0.235	0.145
0.093	0.453	0.234	0.220
0.043	0.045	0.862	0.050
0.001	0.288	0.001	0.710
0.001	0.001	0.947	0.051
0.001	0.243	0.001	0.755
>TTCCTGRGAARW	4-TTCCTGRGAARW	7.936878	-815.675311	0	T:407.0(40.70%),B:27642.1(2.67%),P:1e-354	Tpos:101.0,Tstd:56.3,Bpos:99.7,Bstd:65.9,StrandBias:-0.1,Multiplicity:1.02
0.001	0.001	0.001	0.997
0.001	0.001	0.001	0.997
0.003	0.995	0.001	0.001
0.001	0.773	0.001	0.225
0.130	0.046	0.172	0.652
0.266	0.192	0.495	0.047
0.493	0.001	0.416	0.089
0.001	0.001	0.997	0.001
0.997	0.001	0.001	0.001
0.997	0.001	0.001	0.001
0.307	0.195	0.417	0.081
0.357	0.149	0.001	0.493
>AKCRTAAACAST	5-AKCRTAAACAST	5.700642	-688.753706	0	T:355.0(35.50%),B:24970.4(2.41%),P:1e-299	Tpos:88.3,Tstd:50.5,Bpos:99.4,Bstd:68.9,StrandBias:0.0,Multiplicity:1.00
0.633	0.150	0.197	0.020
0.149	0.198	0.373	0.281
0.001	0.657	0.341	0.001
0.458	0.001	0.540	0.001
0.001	0.001	0.001	0.997
0.997	0.001	0.001	0.001
0.997	0.001	0.001	0.001
0.997	0.001	0.001	0.001
0.001	0.997	0.001	0.001
0.997	0.001	0.001	0.001
0.010	0.454	0.327	0.208
0.144	0.001	0.294	0.561
>GRTGCAATCCCT	6-GRTGCAATCCCT	7.536591	-192.210832	0	T:180.0(18.00%),B:30144.2(2.91%),P:1e-83	Tpos:100.7,Tstd:59.6,Bpos:100.3,Bstd:62.2,StrandBias:-0.1,Multiplicity:1.04
0.193	0.101	0.580	0.126
0.392	0.096	0.368	0.144
0.058	0.001	0.077	0.864
0.001	0.030	0.924	0.045
0.073	0.870	0.001	0.056
0.960	0.001	0.038	0.001
0.885	0.082	0.032	0.001
0.001	0.134	0.063	0.802
0.115	0.680	0.118	0.087
0.051	0.578	0.174	0.197
0.001	0.788	0.074	0.137
0.153	0.077	0.050	0.720
>ATGCAATMGCGT	7-ATGCAATMGCGT	5.017896	-179.868786	0	T:137.0(13.70%),B:17085.3(1.65%),P:1e-78	Tpos:101.7,Tstd:52.5,Bpos:100.3,Bstd:65.3,StrandBias:0.2,Multiplicity:1.01
0.706	0.001	0.292	0.001
0.001	0.001	0.001	0.997
0.001	0.001	0.997	0.001
0.001	0.741	0.001	0.257
0.997	0.001	0.001	0.001
0.742	0.256	0.001	0.001
0.001	0.001	0.001	0.997
0.550	0.448	0.001	0.001
0.001	0.292	0.706	0.001
0.001	0.518	0.257	0.224
0.257	0.226	0.516	0.001
0.192	0.035	0.258	0.515
>TTTRTTTACGCT	8-TTTRTTTACGCT	11.591372	-103.127597	0	T:39.0(3.90%),B:1167.7(0.11%),P:1e-44	Tpos:125.6,Tstd:42.7,Bpos:101.3,Bstd:69.4,StrandBias:-0.4,Multiplicity:1.00
0.191	0.001	0.203	0.605
0.001	0.001	0.001	0.997
0.001	0.001	0.001	0.997
0.517	0.001	0.406	0.076
0.001	0.139	0.001	0.859
0.001	0.001	0.001	0.997
0.203	0.001	0.001	0.795
0.936	0.062	0.001	0.001
0.001	0.997	0.001	0.001
0.086	0.001	0.699	0.214
0.164	0.696	0.001	0.139
0.001	0.001	0.001	0.997
>CATATAGGTGCG	9-CATATAGGTGCG	10.785587	-78.205455	0	T:38.0(3.80%),B:2110.7(0.20%),P:1e-33	Tpos:97.3,Tstd:54.1,Bpos:99.0,Bstd:66.9,StrandBias:0.7,Multiplicity:1.00
0.001	0.997	0.001	0.001
0.997	0.001	0.001	0.001
0.113	0.001	0.300	0.586
0.564	0.162	0.162	0.112
0.161	0.210	0.001	0.628
0.997	0.001	0.001	0.001
0.001	0.001	0.767	0.231
0.001	0.001	0.997	0.001
0.001	0.001	0.001	0.997
0.001	0.001	0.997	0.001
0.190	0.594	0.001	0.215
0.001	0.001	0.892	0.106
>TTTCTATAGAAG	10-TTTCTATAGAAG	10.815739	-60.506096	0	T:36.0(3.60%),B:3006.8(0.29%),P:1e-26	Tpos:103.2,Tstd:55.4,Bpos:100.4,Bstd:66.4,StrandBias:-1.1,Multiplicity:1.00
0.039	0.001	0.147	0.813
0.001	0.001	0.075	0.923
0.029	0.001	0.001	0.969
0.022	0.817	0.109	0.052
0.157	0.062	0.001	0.780
0.614	0.147	0.208	0.031
0.096	0.085	0.071	0.748
0.792	0.001	0.125	0.082
0.076	0.034	0.833	0.057
0.917	0.055	0.001	0.027
0.971	0.001	0.001	0.027
0.035	0.057	0.832	0.076
>AACGTAAACATC	11-AACGTAAACATC	11.240172	-44.544514	0	T:22.0(2.20%),B:1309.6(0.13%),P:1e-19	Tpos:49.4,Tstd:54.8,Bpos:101.3,Bstd:69.6,StrandBias:0.7,Multiplicity:1.00
0.536	0.001	0.351	0.112
0.539	0.001	0.250	0.210
0.251	0.529	0.121	0.099
0.078	0.001	0.864	0.057
0.048	0.001	0.001	0.950
0.997	0.001	0.001	0.001
0.997	0.001	0.001	0.001
0.997	0.001	0.001	0.001
0.001	0.757	0.001	0.241
0.997	0.001	0.001	0.001
0.001	0.001	0.070	0.928
0.105	0.893	0.001	0.001
>GTGCAATCCCTC	12-GTGCAATCCCTC	9.406025	-31.297929	0	T:23.0(2.30%),B:2817.1(0.27%),P:1e-13	Tpos:72.5,Tstd:46.1,Bpos:100.6,Bstd:62.6,StrandBias:1.2,Multiplicity:1.00
0.001	0.068	0.856	0.075
0.001	0.075	0.001	0.923
0.076	0.068	0.855	0.001
0.116	0.718	0.165	0.001
0.792	0.108	0.099	0.001
0.613	0.090	0.001	0.296
0.108	0.001	0.001	0.890
0.077	0.832	0.090	0.001
0.077	0.921	0.001	0.001
0.001	0.870	0.128	0.001
0.001	0.001	0.115	0.883
0.068	0.930	0.001	0.001
>CACCTCTGTGCG	13-CACCTCTGTGCG	13.453263	-29.618986	0	T:8.0(0.80%),B:93.9(0.01%),P:1e-12	Tpos:69.1,Tstd:39.6,Bpos:105.3,Bstd:57.0,StrandBias:-0.4,Multiplicity:1.00
0.001	0.826	0.172	0.001
0.997	0.001	0.001	0.001
0.001	0.997	0.001	0.001
0.001	0.813	0.001	0.185
0.001	0.166	0.001	0.832
0.001	0.790	0.001	0.208
0.001	0.001	0.001	0.997
0.001	0.001	0.997	0.001
0.001	0.001	0.001	0.997
0.001	0.001	0.997	0.001
0.096	0.902	0.001	0.001
0.001	0.001	0.997	0.001
>GTGCAATACTCC	14-GTGCAATACTCC	10.490988	-25.349434	0	T:15.0(1.50%),B:1330.2(0.13%),P:1e-11	Tpos:91.6,Tstd:50.7,Bpos:104.3,Bstd:66.7,StrandBias:-1.2,Multiplicity:1.00
0.064	0.001	0.839	0.096
0.001	0.001	0.001	0.997
0.001	0.101	0.897	0.001
0.131	0.763	0.105	0.001
0.751	0.247	0.001	0.001
0.997	0.001	0.001	0.001
0.233	0.174	0.001	0.592
0.929	0.001	0.001	0.069
0.001	0.830	0.088	0.081
0.001	0.001	0.001	0.997
0.080	0.633	0.105	0.182
0.168	0.761	0.001	0.070
>CACACACGTGTG	15-CACACACGTGTG	13.009888	-22.405310	0	T:10.0(1.00%),B:519.7(0.05%),P:1e-9	Tpos:97.6,Tstd:56.9,Bpos:106.5,Bstd:76.3,StrandBias:0.7,Multiplicity:1.00
0.001	0.997	0.001	0.001
0.997	0.001	0.001	0.001
0.090	0.908	0.001	0.001
0.899	0.001	0.001	0.099
0.001	0.997	0.001	0.001
0.692	0.123	0.093	0.092
0.001	0.997	0.001	0.001
0.001	0.001	0.997	0.001
0.092	0.001	0.193	0.714
0.001	0.001	0.997	0.001
0.001	0.077	0.001	0.921
0.073	0.001	0.925	0.001
>CGTAAATAGAAA	16-CGTAAATAGAAA	13.153745	-22.050017	0	T:9.0(0.90%),B:381.3(0.04%),P:1e-9	Tpos:124.2,Tstd:44.4,Bpos:97.3,Bstd:67.2,StrandBias:1.6,Multiplicity:1.00
0.001	0.920	0.001	0.078
0.001	0.099	0.821	0.079
0.001	0.001	0.001	0.997
0.997	0.001	0.001	0.001
0.997	0.001	0.001	0.001
0.997	0.001	0.001	0.001
0.001	0.001	0.001	0.997
0.997	0.001	0.001	0.001
0.129	0.001	0.732	0.138
0.997	0.001	0.001	0.001
0.672	0.001	0.174	0.153
0.997	0.001	0.001	0.001
>GTTGTTTATCTC	17-GTTGTTTATCTC	13.448152	-20.784793	0	T:8.0(0.80%),B:296.2(0.03%),P:1e-9	Tpos:119.8,Tstd:38.6,Bpos:96.3,Bstd:68.1,StrandBias:0.7,Multiplicity:1.00
0.001	0.103	0.895	0.001
0.001	0.001	0.129	0.869
0.001	0.001	0.148	0.850
0.001	0.001	0.997	0.001
0.001	0.001	0.181	0.817
0.001	0.001	0.001	0.997
0.001	0.001	0.001	0.997
0.927	0.001	0.001	0.071
0.001	0.001	0.001	0.997
0.117	0.881	0.001	0.001
0.001	0.001	0.001	0.997
0.001	0.903	0.095	0.001
>AGGTGCAGCACC	18-AGGTGCAGCACC	7.103354	-19.931064	0	T:43.0(4.30%),B:15583.4(1.51%),P:1e-8	Tpos:94.8,Tstd:62.0,Bpos:101.1,Bstd:56.5,StrandBias:0.6,Multiplicity:1.05
0.997	0.001	0.001	0.001
0.011	0.008	0.980	0.001
0.001	0.333	0.665	0.001
0.001	0.130	0.094	0.775
0.001	0.001	0.869	0.129
0.156	0.842	0.001	0.001
0.985	0.013	0.001	0.001
0.189	0.001	0.808	0.002
0.001	0.886	0.112	0.001
0.583	0.227	0.001	0.189
0.001	0.712	0.286	0.001
0.113	0.885	0.001	0.001
>ATTTTGGACCGA	19-ATTTTGGACCGA	13.571803	-18.022462	0	T:6.0(0.60%),B:154.6(0.01%),P:1e-7	Tpos:57.2,Tstd:29.9,Bpos:99.5,Bstd:62.7,StrandBias:0.0,Multiplicity:1.00
0.997	0.001	0.001	0.001
0.001	0.001	0.001	0.997
0.001	0.001	0.001	0.997
0.001	0.001	0.001	0.997
0.001	0.001	0.001	0.997
0.001	0.001	0.997	0.001
0.001	0.001	0.997	0.001
0.997	0.001	0.001	0.001
0.001	0.997	0.001	0.001
0.001	0.785	0.001	0.213
0.212	0.001	0.561	0.226
0.997	0.001	0.001	0.001
