>TTGTTTACSB	1-TTGTTTACSB	8.349693	-1141.384849	0	T:450.0(45.00%),B:18073.2(1.75%),P:1e-495	Tpos:97.2,Tstd:53.7,Bpos:99.9,Bstd:68.9,StrandBias:0.0,Multiplicity:1.02
0.175	0.070	0.211	0.544
0.001	0.004	0.006	0.989
0.045	0.010	0.944	0.001
0.005	0.009	0.011	0.975
0.023	0.009	0.001	0.967
0.012	0.005	0.005	0.978
0.982	0.004	0.005	0.009
0.001	0.850	0.001	0.148
0.001	0.496	0.460	0.043
0.113	0.266	0.308	0.314
>TTCTSAGGAA	2-TTCTSAGGAA	8.281807	-849.973043	0	T:435.0(43.50%),B:31714.6(3.06%),P:1e-369	Tpos:101.8,Tstd:56.3,Bpos:99.3,Bstd:66.6,StrandBias:0.1,Multiplicity:1.03
0.011	0.001	0.013	0.975
0.012	0.035	0.025	0.928
0.015	0.977	0.007	0.001
0.122	0.235	0.015	0.628
0.115	0.436	0.293	0.156
0.460	0.202	0.037	0.301
0.227	0.016	0.739	0.018
0.037	0.008	0.924	0.031
0.980	0.001	0.014	0.005
0.954	0.009	0.014	0.023
>CACATAGGTG	3-CACATAGGTG	7.131700	-684.229820	0	T:395.0(39.50%),B:35480.9(3.43%),P:1e-297	Tpos:96.6,Tstd:51.7,Bpos:100.2,Bstd:68.1,StrandBias:0.1,Multiplicity:1.03
0.021	0.952	0.017	0.010
0.850	0.006	0.093	0.051
0.040	0.773	0.082	0.105
0.513	0.238	0.161	0.088
0.069	0.093	0.057	0.781
0.731	0.062	0.166	0.041
0.101	0.074	0.725	0.100
0.115	0.017	0.867	0.001
0.014	0.052	0.036	0.898
0.015	0.039	0.917	0.029
>RCACSTASGT	4-RCACSTASGT	9.141171	-667.167223	0	T:227.0(22.70%),B:5235.3(0.51%),P:1e-289	Tpos:104.5,Tstd:53.3,Bpos:99.7,Bstd:69.3,StrandBias:-0.0,Multiplicity:1.01
0.537	0.001	0.426	0.036
0.001	0.997	0.001	0.001
0.886	0.051	0.062	0.001
0.001	0.997	0.001	0.001
0.147	0.472	0.380	0.001
0.312	0.002	0.056	0.630
0.669	0.070	0.001	0.260
0.149	0.351	0.383	0.117
0.001	0.001	0.997	0.001
0.001	0.001	0.001	0.997
>RTGCAATCCC	5-RTGCAATCCC	8.558946	-306.097825	0	T:141.0(14.10%),B:6968.0(0.67%),P:1e-132	Tpos:99.4,Tstd:55.0,Bpos:98.8,Bstd:63.8,StrandBias:0.3,Multiplicity:1.02
0.394	0.031	0.474	0.102
0.018	0.017	0.042	0.923
0.024	0.020	0.924	0.032
0.004	0.936	0.010	0.050
0.916	0.025	0.028	0.031
0.905	0.054	0.015	0.026
0.019	0.098	0.047	0.836
0.298	0.587	0.089	0.026
0.049	0.711	0.204	0.036
0.041	0.793	0.062	0.104
>ATGCAATVSS	6-ATGCAATVSS	6.962091	-205.018123	0	T:159.0(15.90%),B:20515.8(1.98%),P:1e-89	Tpos:111.2,Tstd:57.1,Bpos:100.8,Bstd:67.3,StrandBias:-0.1,Multiplicity:1.01
0.423	0.210	0.174	0.193
0.048	0.044	0.269	0.639
0.001	0.204	0.794	0.001
0.060	0.816	0.001	0.123
0.633	0.209	0.001	0.157
0.856	0.073	0.001	0.070
0.001	0.253	0.001	0.745
0.389	0.253	0.248	0.110
0.165	0.351	0.300	0.184
0.058	0.378	0.351	0.214
>TGTTTATGCT	7-TGTTTATGCT	6.638122	-122.230077	0	T:72.0(7.20%),B:5802.2(0.56%),P:1e-53	Tpos:79.1,Tstd:48.2,Bpos:100.8,Bstd:71.1,StrandBias:-0.4,Multiplicity:1.00
0.001	0.001	0.001	0.997
0.001	0.001	0.997	0.001
0.001	0.001	0.001	0.997
0.001	0.001	0.001	0.997
0.001	0.001	0.001	0.997
0.997	0.001	0.001	0.001
0.001	0.001	0.001	0.997
0.001	0.252	0.746	0.001
0.259	0.721	0.019	0.001
0.001	0.001	0.001	0.997
>TCCAATTCCG	8-TCCAATTCCG	7.631492	-65.059424	0	T:28.0(2.80%),B:1193.5(0.12%),P:1e-28	Tpos:95.9,Tstd:58.5,Bpos:100.7,Bstd:68.7,StrandBias:-0.5,Multiplicity:1.00
0.001	0.001	0.001	0.997
0.001	0.726	0.272	0.001
0.001	0.801	0.001	0.197
0.916	0.001	0.082	0.001
0.997	0.001	0.001	0.001
0.001	0.001	0.001	0.997
0.125	0.001	0.001	0.873
0.001	0.870	0.128	0.001
0.001	0.997	0.001	0.001
0.001	0.001	0.997	0.001
>CGTGCAATCG	9-CGTGCAATCG	9.394961	-43.048268	0	T:17.0(1.70%),B:606.4(0.06%),P:1e-18	Tpos:83.2,Tstd:60.3,Bpos:98.9,Bstd:70.1,StrandBias:0.2,Multiplicity:1.00
0.001	0.874	0.124	0.001
0.001	0.001	0.997	0.001
0.001	0.001	0.001	0.997
0.001	0.001	0.997	0.001
0.144	0.854	0.001	0.001
0.997	0.001	0.001	0.001
0.864	0.134	0.001	0.001
0.001	0.001	0.001	0.997
0.148	0.850	0.001	0.001
0.122	0.001	0.761	0.116
>TCAAGTAAAC	10-TCAAGTAAAC	6.066727	-40.896371	0	T:39.0(3.90%),B:6625.3(0.64%),P:1e-17	Tpos:118.2,Tstd:49.5,Bpos:99.3,Bstd:68.8,StrandBias:0.3,Multiplicity:1.00
0.413	0.001	0.001	0.585
0.280	0.718	0.001	0.001
0.578	0.001	0.004	0.417
0.997	0.001	0.001	0.001
0.001	0.001	0.997	0.001
0.001	0.001	0.001	0.997
0.997	0.001	0.001	0.001
0.997	0.001	0.001	0.001
0.997	0.001	0.001	0.001
0.001	0.997	0.001	0.001
>TTATTTACGT	11-TTATTTACGT	6.828011	-40.438366	0	T:22.0(2.20%),B:1599.1(0.15%),P:1e-17	Tpos:106.4,Tstd:54.0,Bpos:103.0,Bstd:75.2,StrandBias:-0.5,Multiplicity:1.00
0.022	0.205	0.001	0.772
0.001	0.001	0.001	0.997
0.997	0.001	0.001	0.001
0.001	0.001	0.001	0.997
0.001	0.001	0.001	0.997
0.001	0.001	0.001	0.997
0.997	0.001	0.001	0.001
0.001	0.997	0.001	0.001
0.001	0.001	0.997	0.001
0.085	0.041	0.337	0.537
>TTACTSGGAA	12-TTACTSGGAA	5.992870	-27.478608	0	T:36.0(3.60%),B:8724.5(0.84%),P:1e-11	Tpos:78.1,Tstd:52.4,Bpos:100.0,Bstd:67.4,StrandBias:0.2,Multiplicity:1.00
0.001	0.001	0.001	0.997
0.001	0.001	0.001	0.997
0.997	0.001	0.001	0.001
0.001	0.997	0.001	0.001
0.227	0.001	0.001	0.771
0.001	0.506	0.492	0.001
0.125	0.001	0.873	0.001
0.001	0.001	0.997	0.001
0.997	0.001	0.001	0.001
0.997	0.001	0.001	0.001
>ATAAACCTTT	13-ATAAACCTTT	6.727759	-22.186711	0	T:88.0(8.80%),B:43936.0(4.25%),P:1e-9	Tpos:104.1,Tstd:55.4,Bpos:99.7,Bstd:68.2,StrandBias:-0.2,Multiplicity:1.09
0.699	0.099	0.102	0.100
0.074	0.091	0.101	0.734
0.664	0.105	0.104	0.127
0.694	0.099	0.103	0.104
0.657	0.117	0.119	0.107
0.081	0.688	0.122	0.109
0.094	0.730	0.077	0.099
0.113	0.088	0.060	0.739
0.105	0.097	0.087	0.711
0.079	0.126	0.110	0.685
>GGSCCCTCTG	14-GGSCCCTCTG	7.762468	-19.825860	0	T:57.0(5.70%),B:24430.1(2.36%),P:1e-8	Tpos:92.8,Tstd:54.5,Bpos:100.4,Bstd:53.2,StrandBias:0.1,Multiplicity:1.07
0.001	0.001	0.936	0.062
0.285	0.001	0.713	0.001
0.042	0.427	0.530	0.001
0.145	0.853	0.001	0.001
0.099	0.653	0.081	0.167
0.001	0.812	0.101	0.086
0.001	0.164	0.074	0.761
0.003	0.995	0.001	0.001
0.047	0.001	0.003	0.949
0.001	0.042	0.903	0.054
>CGGTTGCAAC	15-CGGTTGCAAC	10.824218	-18.144206	0	T:8.0(0.80%),B:419.3(0.04%),P:1e-7	Tpos:95.9,Tstd:59.0,Bpos:100.4,Bstd:63.0,StrandBias:2.8,Multiplicity:1.00
0.001	0.827	0.098	0.074
0.069	0.001	0.929	0.001
0.001	0.001	0.997	0.001
0.001	0.135	0.001	0.863
0.001	0.001	0.001	0.997
0.001	0.001	0.860	0.138
0.001	0.997	0.001	0.001
0.997	0.001	0.001	0.001
0.847	0.151	0.001	0.001
0.001	0.847	0.151	0.001
>BGRSCTTKSS	16-BGRSCTTKSS	7.603217	-17.357908	0	T:43.0(4.30%),B:17075.5(1.65%),P:1e-7	Tpos:103.8,Tstd:56.2,Bpos:100.2,Bstd:56.2,StrandBias:-0.2,Multiplicity:1.05
0.089	0.315	0.256	0.340
0.001	0.001	0.997	0.001
0.370	0.001	0.425	0.204
0.001	0.524	0.474	0.001
0.285	0.550	0.162	0.003
0.001	0.001	0.001	0.997
0.001	0.296	0.047	0.656
0.001	0.001	0.507	0.491
0.186	0.456	0.357	0.001
0.001	0.444	0.554	0.001
