>TTGTTTACSB	1-TTGTTTACSB	8.349693	-1141.384849	0	T:450.0(45.00%),B:18073.2(1.75%),P:1e-495	Tpos:97.2,Tstd:53.7,Bpos:99.9,Bstd:68.9,StrandBias:0.0,Multiplicity:1.02
0.175	0.070	0.211	0.544
0.001	0.004	0.006	0.989
0.045	0.010	0.944	0.001
0.005	0.009	0.011	0.975
0.023	0.009	0.001	0.967
0.012	0.005	0.005	0.978
0.982	0.004	0.005	0.009
0.001	0.850	0.001	0.148
0.001	0.496	0.460	0.043
0.113	0.266	0.308	0.314
>TTCTSAGGAA	2-TTCTSAGGAA	8.281807	-849.973043	0	T:435.0(43.50%),B:31714.6(3.06%),P:1e-369	Tpos:101.8,Tstd:56.3,Bpos:99.3,Bstd:66.6,StrandBias:0.1,Multiplicity:1.03
0.011	0.001	0.013	0.975
0.012	0.035	0.025	0.928
0.015	0.977	0.007	0.001
0.122	0.235	0.015	0.628
0.115	0.436	0.293	0.156
0.460	0.202	0.037	0.301
0.227	0.016	0.739	0.018
0.037	0.008	0.924	0.031
0.980	0.001	0.014	0.005
0.954	0.009	0.014	0.023
>CACATAGGTG	3-CACATAGGTG	7.131700	-684.229820	0	T:395.0(39.50%),B:35480.9(3.43%),P:1e-297	Tpos:96.6,Tstd:51.7,Bpos:100.2,Bstd:68.1,StrandBias:0.1,Multiplicity:1.03
0.021	0.952	0.017	0.010
0.850	0.006	0.093	0.051
0.040	0.773	0.082	0.105
0.513	0.238	0.161	0.088
0.069	0.093	0.057	0.781
0.731	0.062	0.166	0.041
0.101	0.074	0.725	0.100
0.115	0.017	0.867	0.001
0.014	0.052	0.036	0.898
0.015	0.039	0.917	0.029
>RCACSTASGT	4-RCACSTASGT	9.141171	-667.167223	0	T:227.0(22.70%),B:5235.3(0.51%),P:1e-289	Tpos:104.5,Tstd:53.3,Bpos:99.7,Bstd:69.3,StrandBias:-0.0,Multiplicity:1.01
0.537	0.001	0.426	0.036
0.001	0.997	0.001	0.001
0.886	0.051	0.062	0.001
0.001	0.997	0.001	0.001
0.147	0.472	0.380	0.001
0.312	0.002	0.056	0.630
0.669	0.070	0.001	0.260
0.149	0.351	0.383	0.117
0.001	0.001	0.997	0.001
0.001	0.001	0.001	0.997
>RTGCAATCCC	5-RTGCAATCCC	8.558946	-306.097825	0	T:141.0(14.10%),B:6968.0(0.67%),P:1e-132	Tpos:99.4,Tstd:55.0,Bpos:98.8,Bstd:63.8,StrandBias:0.3,Multiplicity:1.02
0.394	0.031	0.474	0.102
0.018	0.017	0.042	0.923
0.024	0.020	0.924	0.032
0.004	0.936	0.010	0.050
0.916	0.025	0.028	0.031
0.905	0.054	0.015	0.026
0.019	0.098	0.047	0.836
0.298	0.587	0.089	0.026
0.049	0.711	0.204	0.036
0.041	0.793	0.062	0.104
>ATGCAATVSS	6-ATGCAATVSS	6.962091	-205.018123	0	T:159.0(15.90%),B:20515.8(1.98%),P:1e-89	Tpos:111.2,Tstd:57.1,Bpos:100.8,Bstd:67.3,StrandBias:-0.1,Multiplicity:1.01
0.423	0.210	0.174	0.193
0.048	0.044	0.269	0.639
0.001	0.204	0.794	0.001
0.060	0.816	0.001	0.123
0.633	0.209	0.001	0.157
0.856	0.073	0.001	0.070
0.001	0.253	0.001	0.745
0.389	0.253	0.248	0.110
0.165	0.351	0.300	0.184
0.058	0.378	0.351	0.214
>TGTTTATGCT	7-TGTTTATGCT	6.638122	-122.230077	0	T:72.0(7.20%),B:5802.2(0.56%),P:1e-53	Tpos:79.1,Tstd:48.2,Bpos:100.8,Bstd:71.1,StrandBias:-0.4,Multiplicity:1.00
0.001	0.001	0.001	0.997
0.001	0.001	0.997	0.001
0.001	0.001	0.001	0.997
0.001	0.001	0.001	0.997
0.001	0.001	0.001	0.997
0.997	0.001	0.001	0.001
0.001	0.001	0.001	0.997
0.001	0.252	0.746	0.001
0.259	0.721	0.019	0.001
0.001	0.001	0.001	0.997
>TCCAATTCCG	8-TCCAATTCCG	7.631492	-65.059424	0	T:28.0(2.80%),B:1193.5(0.12%),P:1e-28	Tpos:95.9,Tstd:58.5,Bpos:100.7,Bstd:68.7,StrandBias:-0.5,Multiplicity:1.00
0.001	0.001	0.001	0.997
0.001	0.726	0.272	0.001
0.001	0.801	0.001	0.197
0.916	0.001	0.082	0.001
0.997	0.001	0.001	0.001
0.001	0.001	0.001	0.997
0.125	0.001	0.001	0.873
0.001	0.870	0.128	0.001
0.001	0.997	0.001	0.001
0.001	0.001	0.997	0.001
>CGTGCAATCG	9-CGTGCAATCG	9.394961	-43.048268	0	T:17.0(1.70%),B:606.4(0.06%),P:1e-18	Tpos:83.2,Tstd:60.3,Bpos:98.9,Bstd:70.1,StrandBias:0.2,Multiplicity:1.00
0.001	0.874	0.124	0.001
0.001	0.001	0.997	0.001
0.001	0.001	0.001	0.997
0.001	0.001	0.997	0.001
0.144	0.854	0.001	0.001
0.997	0.001	0.001	0.001
0.864	0.134	0.001	0.001
0.001	0.001	0.001	0.997
0.148	0.850	0.001	0.001
0.122	0.001	0.761	0.116
>TCAAGTAAAC	10-TCAAGTAAAC	6.066727	-40.896371	0	T:39.0(3.90%),B:6625.3(0.64%),P:1e-17	Tpos:118.2,Tstd:49.5,Bpos:99.3,Bstd:68.8,StrandBias:0.3,Multiplicity:1.00
0.413	0.001	0.001	0.585
0.280	0.718	0.001	0.001
0.578	0.001	0.004	0.417
0.997	0.001	0.001	0.001
0.001	0.001	0.997	0.001
0.001	0.001	0.001	0.997
0.997	0.001	0.001	0.001
0.997	0.001	0.001	0.001
0.997	0.001	0.001	0.001
0.001	0.997	0.001	0.001
>TTATTTACGT	11-TTATTTACGT	6.828011	-40.438366	0	T:22.0(2.20%),B:1599.1(0.15%),P:1e-17	Tpos:106.4,Tstd:54.0,Bpos:103.0,Bstd:75.2,StrandBias:-0.5,Multiplicity:1.00
0.022	0.205	0.001	0.772
0.001	0.001	0.001	0.997
0.997	0.001	0.001	0.001
0.001	0.001	0.001	0.997
0.001	0.001	0.001	0.997
0.001	0.001	0.001	0.997
0.997	0.001	0.001	0.001
0.001	0.997	0.001	0.001
0.001	0.001	0.997	0.001
0.085	0.041	0.337	0.537
>TTACTSGGAA	12-TTACTSGGAA	5.992870	-27.478608	0	T:36.0(3.60%),B:8724.5(0.84%),P:1e-11	Tpos:78.1,Tstd:52.4,Bpos:100.0,Bstd:67.4,StrandBias:0.2,Multiplicity:1.00
0.001	0.001	0.001	0.997
0.001	0.001	0.001	0.997
0.997	0.001	0.001	0.001
0.001	0.997	0.001	0.001
0.227	0.001	0.001	0.771
0.001	0.506	0.492	0.001
0.125	0.001	0.873	0.001
0.001	0.001	0.997	0.001
0.997	0.001	0.001	0.001
0.997	0.001	0.001	0.001
>ATAAACCTTT	13-ATAAACCTTT	6.727759	-22.186711	0	T:88.0(8.80%),B:43936.0(4.25%),P:1e-9	Tpos:104.1,Tstd:55.4,Bpos:99.7,Bstd:68.2,StrandBias:-0.2,Multiplicity:1.09
0.699	0.099	0.102	0.100
0.074	0.091	0.101	0.734
0.664	0.105	0.104	0.127
0.694	0.099	0.103	0.104
0.657	0.117	0.119	0.107
0.081	0.688	0.122	0.109
0.094	0.730	0.077	0.099
0.113	0.088	0.060	0.739
0.105	0.097	0.087	0.711
0.079	0.126	0.110	0.685
>GGSCCCTCTG	14-GGSCCCTCTG	7.762468	-19.825860	0	T:57.0(5.70%),B:24430.1(2.36%),P:1e-8	Tpos:92.8,Tstd:54.5,Bpos:100.4,Bstd:53.2,StrandBias:0.1,Multiplicity:1.07
0.001	0.001	0.936	0.062
0.285	0.001	0.713	0.001
0.042	0.427	0.530	0.001
0.145	0.853	0.001	0.001
0.099	0.653	0.081	0.167
0.001	0.812	0.101	0.086
0.001	0.164	0.074	0.761
0.003	0.995	0.001	0.001
0.047	0.001	0.003	0.949
0.001	0.042	0.903	0.054
>CGGTTGCAAC	15-CGGTTGCAAC	10.824218	-18.144206	0	T:8.0(0.80%),B:419.3(0.04%),P:1e-7	Tpos:95.9,Tstd:59.0,Bpos:100.4,Bstd:63.0,StrandBias:2.8,Multiplicity:1.00
0.001	0.827	0.098	0.074
0.069	0.001	0.929	0.001
0.001	0.001	0.997	0.001
0.001	0.135	0.001	0.863
0.001	0.001	0.001	0.997
0.001	0.001	0.860	0.138
0.001	0.997	0.001	0.001
0.997	0.001	0.001	0.001
0.847	0.151	0.001	0.001
0.001	0.847	0.151	0.001
>BGRSCTTKSS	16-BGRSCTTKSS	7.603217	-17.357908	0	T:43.0(4.30%),B:17075.5(1.65%),P:1e-7	Tpos:103.8,Tstd:56.2,Bpos:100.2,Bstd:56.2,StrandBias:-0.2,Multiplicity:1.05
0.089	0.315	0.256	0.340
0.001	0.001	0.997	0.001
0.370	0.001	0.425	0.204
0.001	0.524	0.474	0.001
0.285	0.550	0.162	0.003
0.001	0.001	0.001	0.997
0.001	0.296	0.047	0.656
0.001	0.001	0.507	0.491
0.186	0.456	0.357	0.001
0.001	0.444	0.554	0.001
>CACCTAGGTGTG	1-CACCTAGGTGTG	9.764041	-1184.358787	0	T:301.0(30.10%),B:2551.1(0.25%),P:1e-514	Tpos:104.7,Tstd:54.3,Bpos:100.0,Bstd:68.9,StrandBias:0.0,Multiplicity:1.00
0.001	0.994	0.004	0.001
0.974	0.013	0.012	0.001
0.021	0.913	0.018	0.048
0.199	0.561	0.165	0.075
0.047	0.059	0.032	0.862
0.899	0.011	0.050	0.040
0.075	0.223	0.526	0.176
0.031	0.011	0.949	0.009
0.001	0.014	0.001	0.984
0.008	0.006	0.985	0.001
0.040	0.332	0.007	0.621
0.029	0.115	0.734	0.122
>TTGTTTACGTTK	2-TTGTTTACGTTK	8.242699	-1114.119741	0	T:433.0(43.30%),B:16548.8(1.60%),P:1e-483	Tpos:97.6,Tstd:53.7,Bpos:99.6,Bstd:68.5,StrandBias:0.0,Multiplicity:1.02
0.117	0.018	0.119	0.746
0.001	0.001	0.001	0.997
0.007	0.001	0.991	0.001
0.001	0.001	0.001	0.997
0.001	0.001	0.001	0.997
0.001	0.001	0.001	0.997
0.997	0.001	0.001	0.001
0.001	0.888	0.001	0.110
0.001	0.281	0.653	0.065
0.103	0.164	0.150	0.583
0.121	0.019	0.041	0.819
0.177	0.127	0.322	0.374
>ACACTTACGTGT	3-ACACTTACGTGT	8.370176	-935.489083	0	T:357.0(35.70%),B:12360.0(1.19%),P:1e-406	Tpos:92.9,Tstd:50.3,Bpos:100.5,Bstd:71.1,StrandBias:-0.5,Multiplicity:1.01
0.651	0.001	0.347	0.001
0.001	0.997	0.001	0.001
0.997	0.001	0.001	0.001
0.001	0.846	0.068	0.085
0.195	0.255	0.042	0.508
0.159	0.001	0.092	0.748
0.577	0.043	0.235	0.145
0.093	0.453	0.234	0.220
0.043	0.045	0.862	0.050
0.001	0.288	0.001	0.710
0.001	0.001	0.947	0.051
0.001	0.243	0.001	0.755
>TTCCTGRGAARW	4-TTCCTGRGAARW	7.936878	-815.675311	0	T:407.0(40.70%),B:27642.1(2.67%),P:1e-354	Tpos:101.0,Tstd:56.3,Bpos:99.7,Bstd:65.9,StrandBias:-0.1,Multiplicity:1.02
0.001	0.001	0.001	0.997
0.001	0.001	0.001	0.997
0.003	0.995	0.001	0.001
0.001	0.773	0.001	0.225
0.130	0.046	0.172	0.652
0.266	0.192	0.495	0.047
0.493	0.001	0.416	0.089
0.001	0.001	0.997	0.001
0.997	0.001	0.001	0.001
0.997	0.001	0.001	0.001
0.307	0.195	0.417	0.081
0.357	0.149	0.001	0.493
>AKCRTAAACAST	5-AKCRTAAACAST	5.700642	-688.753706	0	T:355.0(35.50%),B:24970.4(2.41%),P:1e-299	Tpos:88.3,Tstd:50.5,Bpos:99.4,Bstd:68.9,StrandBias:0.0,Multiplicity:1.00
0.633	0.150	0.197	0.020
0.149	0.198	0.373	0.281
0.001	0.657	0.341	0.001
0.458	0.001	0.540	0.001
0.001	0.001	0.001	0.997
0.997	0.001	0.001	0.001
0.997	0.001	0.001	0.001
0.997	0.001	0.001	0.001
0.001	0.997	0.001	0.001
0.997	0.001	0.001	0.001
0.010	0.454	0.327	0.208
0.144	0.001	0.294	0.561
>GRTGCAATCCCT	6-GRTGCAATCCCT	7.536591	-192.210832	0	T:180.0(18.00%),B:30144.2(2.91%),P:1e-83	Tpos:100.7,Tstd:59.6,Bpos:100.3,Bstd:62.2,StrandBias:-0.1,Multiplicity:1.04
0.193	0.101	0.580	0.126
0.392	0.096	0.368	0.144
0.058	0.001	0.077	0.864
0.001	0.030	0.924	0.045
0.073	0.870	0.001	0.056
0.960	0.001	0.038	0.001
0.885	0.082	0.032	0.001
0.001	0.134	0.063	0.802
0.115	0.680	0.118	0.087
0.051	0.578	0.174	0.197
0.001	0.788	0.074	0.137
0.153	0.077	0.050	0.720
>ATGCAATMGCGT	7-ATGCAATMGCGT	5.017896	-179.868786	0	T:137.0(13.70%),B:17085.3(1.65%),P:1e-78	Tpos:101.7,Tstd:52.5,Bpos:100.3,Bstd:65.3,StrandBias:0.2,Multiplicity:1.01
0.706	0.001	0.292	0.001
0.001	0.001	0.001	0.997
0.001	0.001	0.997	0.001
0.001	0.741	0.001	0.257
0.997	0.001	0.001	0.001
0.742	0.256	0.001	0.001
0.001	0.001	0.001	0.997
0.550	0.448	0.001	0.001
0.001	0.292	0.706	0.001
0.001	0.518	0.257	0.224
0.257	0.226	0.516	0.001
0.192	0.035	0.258	0.515
>TTTRTTTACGCT	8-TTTRTTTACGCT	11.591372	-103.127597	0	T:39.0(3.90%),B:1167.7(0.11%),P:1e-44	Tpos:125.6,Tstd:42.7,Bpos:101.3,Bstd:69.4,StrandBias:-0.4,Multiplicity:1.00
0.191	0.001	0.203	0.605
0.001	0.001	0.001	0.997
0.001	0.001	0.001	0.997
0.517	0.001	0.406	0.076
0.001	0.139	0.001	0.859
0.001	0.001	0.001	0.997
0.203	0.001	0.001	0.795
0.936	0.062	0.001	0.001
0.001	0.997	0.001	0.001
0.086	0.001	0.699	0.214
0.164	0.696	0.001	0.139
0.001	0.001	0.001	0.997
>CATATAGGTGCG	9-CATATAGGTGCG	10.785587	-78.205455	0	T:38.0(3.80%),B:2110.7(0.20%),P:1e-33	Tpos:97.3,Tstd:54.1,Bpos:99.0,Bstd:66.9,StrandBias:0.7,Multiplicity:1.00
0.001	0.997	0.001	0.001
0.997	0.001	0.001	0.001
0.113	0.001	0.300	0.586
0.564	0.162	0.162	0.112
0.161	0.210	0.001	0.628
0.997	0.001	0.001	0.001
0.001	0.001	0.767	0.231
0.001	0.001	0.997	0.001
0.001	0.001	0.001	0.997
0.001	0.001	0.997	0.001
0.190	0.594	0.001	0.215
0.001	0.001	0.892	0.106
>TTTCTATAGAAG	10-TTTCTATAGAAG	10.815739	-60.506096	0	T:36.0(3.60%),B:3006.8(0.29%),P:1e-26	Tpos:103.2,Tstd:55.4,Bpos:100.4,Bstd:66.4,StrandBias:-1.1,Multiplicity:1.00
0.039	0.001	0.147	0.813
0.001	0.001	0.075	0.923
0.029	0.001	0.001	0.969
0.022	0.817	0.109	0.052
0.157	0.062	0.001	0.780
0.614	0.147	0.208	0.031
0.096	0.085	0.071	0.748
0.792	0.001	0.125	0.082
0.076	0.034	0.833	0.057
0.917	0.055	0.001	0.027
0.971	0.001	0.001	0.027
0.035	0.057	0.832	0.076
>AACGTAAACATC	11-AACGTAAACATC	11.240172	-44.544514	0	T:22.0(2.20%),B:1309.6(0.13%),P:1e-19	Tpos:49.4,Tstd:54.8,Bpos:101.3,Bstd:69.6,StrandBias:0.7,Multiplicity:1.00
0.536	0.001	0.351	0.112
0.539	0.001	0.250	0.210
0.251	0.529	0.121	0.099
0.078	0.001	0.864	0.057
0.048	0.001	0.001	0.950
0.997	0.001	0.001	0.001
0.997	0.001	0.001	0.001
0.997	0.001	0.001	0.001
0.001	0.757	0.001	0.241
0.997	0.001	0.001	0.001
0.001	0.001	0.070	0.928
0.105	0.893	0.001	0.001
>GTGCAATCCCTC	12-GTGCAATCCCTC	9.406025	-31.297929	0	T:23.0(2.30%),B:2817.1(0.27%),P:1e-13	Tpos:72.5,Tstd:46.1,Bpos:100.6,Bstd:62.6,StrandBias:1.2,Multiplicity:1.00
0.001	0.068	0.856	0.075
0.001	0.075	0.001	0.923
0.076	0.068	0.855	0.001
0.116	0.718	0.165	0.001
0.792	0.108	0.099	0.001
0.613	0.090	0.001	0.296
0.108	0.001	0.001	0.890
0.077	0.832	0.090	0.001
0.077	0.921	0.001	0.001
0.001	0.870	0.128	0.001
0.001	0.001	0.115	0.883
0.068	0.930	0.001	0.001
>CACCTCTGTGCG	13-CACCTCTGTGCG	13.453263	-29.618986	0	T:8.0(0.80%),B:93.9(0.01%),P:1e-12	Tpos:69.1,Tstd:39.6,Bpos:105.3,Bstd:57.0,StrandBias:-0.4,Multiplicity:1.00
0.001	0.826	0.172	0.001
0.997	0.001	0.001	0.001
0.001	0.997	0.001	0.001
0.001	0.813	0.001	0.185
0.001	0.166	0.001	0.832
0.001	0.790	0.001	0.208
0.001	0.001	0.001	0.997
0.001	0.001	0.997	0.001
0.001	0.001	0.001	0.997
0.001	0.001	0.997	0.001
0.096	0.902	0.001	0.001
0.001	0.001	0.997	0.001
>GTGCAATACTCC	14-GTGCAATACTCC	10.490988	-25.349434	0	T:15.0(1.50%),B:1330.2(0.13%),P:1e-11	Tpos:91.6,Tstd:50.7,Bpos:104.3,Bstd:66.7,StrandBias:-1.2,Multiplicity:1.00
0.064	0.001	0.839	0.096
0.001	0.001	0.001	0.997
0.001	0.101	0.897	0.001
0.131	0.763	0.105	0.001
0.751	0.247	0.001	0.001
0.997	0.001	0.001	0.001
0.233	0.174	0.001	0.592
0.929	0.001	0.001	0.069
0.001	0.830	0.088	0.081
0.001	0.001	0.001	0.997
0.080	0.633	0.105	0.182
0.168	0.761	0.001	0.070
>CACACACGTGTG	15-CACACACGTGTG	13.009888	-22.405310	0	T:10.0(1.00%),B:519.7(0.05%),P:1e-9	Tpos:97.6,Tstd:56.9,Bpos:106.5,Bstd:76.3,StrandBias:0.7,Multiplicity:1.00
0.001	0.997	0.001	0.001
0.997	0.001	0.001	0.001
0.090	0.908	0.001	0.001
0.899	0.001	0.001	0.099
0.001	0.997	0.001	0.001
0.692	0.123	0.093	0.092
0.001	0.997	0.001	0.001
0.001	0.001	0.997	0.001
0.092	0.001	0.193	0.714
0.001	0.001	0.997	0.001
0.001	0.077	0.001	0.921
0.073	0.001	0.925	0.001
>CGTAAATAGAAA	16-CGTAAATAGAAA	13.153745	-22.050017	0	T:9.0(0.90%),B:381.3(0.04%),P:1e-9	Tpos:124.2,Tstd:44.4,Bpos:97.3,Bstd:67.2,StrandBias:1.6,Multiplicity:1.00
0.001	0.920	0.001	0.078
0.001	0.099	0.821	0.079
0.001	0.001	0.001	0.997
0.997	0.001	0.001	0.001
0.997	0.001	0.001	0.001
0.997	0.001	0.001	0.001
0.001	0.001	0.001	0.997
0.997	0.001	0.001	0.001
0.129	0.001	0.732	0.138
0.997	0.001	0.001	0.001
0.672	0.001	0.174	0.153
0.997	0.001	0.001	0.001
>GTTGTTTATCTC	17-GTTGTTTATCTC	13.448152	-20.784793	0	T:8.0(0.80%),B:296.2(0.03%),P:1e-9	Tpos:119.8,Tstd:38.6,Bpos:96.3,Bstd:68.1,StrandBias:0.7,Multiplicity:1.00
0.001	0.103	0.895	0.001
0.001	0.001	0.129	0.869
0.001	0.001	0.148	0.850
0.001	0.001	0.997	0.001
0.001	0.001	0.181	0.817
0.001	0.001	0.001	0.997
0.001	0.001	0.001	0.997
0.927	0.001	0.001	0.071
0.001	0.001	0.001	0.997
0.117	0.881	0.001	0.001
0.001	0.001	0.001	0.997
0.001	0.903	0.095	0.001
>AGGTGCAGCACC	18-AGGTGCAGCACC	7.103354	-19.931064	0	T:43.0(4.30%),B:15583.4(1.51%),P:1e-8	Tpos:94.8,Tstd:62.0,Bpos:101.1,Bstd:56.5,StrandBias:0.6,Multiplicity:1.05
0.997	0.001	0.001	0.001
0.011	0.008	0.980	0.001
0.001	0.333	0.665	0.001
0.001	0.130	0.094	0.775
0.001	0.001	0.869	0.129
0.156	0.842	0.001	0.001
0.985	0.013	0.001	0.001
0.189	0.001	0.808	0.002
0.001	0.886	0.112	0.001
0.583	0.227	0.001	0.189
0.001	0.712	0.286	0.001
0.113	0.885	0.001	0.001
>ATTTTGGACCGA	19-ATTTTGGACCGA	13.571803	-18.022462	0	T:6.0(0.60%),B:154.6(0.01%),P:1e-7	Tpos:57.2,Tstd:29.9,Bpos:99.5,Bstd:62.7,StrandBias:0.0,Multiplicity:1.00
0.997	0.001	0.001	0.001
0.001	0.001	0.001	0.997
0.001	0.001	0.001	0.997
0.001	0.001	0.001	0.997
0.001	0.001	0.001	0.997
0.001	0.001	0.997	0.001
0.001	0.001	0.997	0.001
0.997	0.001	0.001	0.001
0.001	0.997	0.001	0.001
0.001	0.785	0.001	0.213
0.212	0.001	0.561	0.226
0.997	0.001	0.001	0.001
>CGTAAACA	1-CGTAAACA	9.838321	-995.961558	0	T:344.0(34.40%),B:8884.9(0.86%),P:1e-432	Tpos:95.4,Tstd:53.7,Bpos:99.5,Bstd:68.9,StrandBias:0.0,Multiplicity:1.01
0.001	0.706	0.292	0.001
0.001	0.001	0.997	0.001
0.001	0.001	0.001	0.997
0.997	0.001	0.001	0.001
0.997	0.001	0.001	0.001
0.997	0.001	0.001	0.001
0.001	0.997	0.001	0.001
0.997	0.001	0.001	0.001
>TGTTTAYS	2-TGTTTAYS	7.115164	-874.134664	0	T:516.0(51.60%),B:52305.4(5.05%),P:1e-379	Tpos:92.4,Tstd:54.6,Bpos:99.4,Bstd:70.0,StrandBias:-0.2,Multiplicity:1.04
0.001	0.186	0.075	0.738
0.389	0.035	0.575	0.001
0.279	0.054	0.080	0.587
0.044	0.044	0.001	0.911
0.203	0.085	0.002	0.710
0.669	0.203	0.127	0.001
0.001	0.499	0.001	0.499
0.001	0.482	0.516	0.001
>ATAAACAA	3-ATAAACAA	9.789188	-542.827643	0	T:336.0(33.60%),B:33015.1(3.19%),P:1e-235	Tpos:103.5,Tstd:52.6,Bpos:100.4,Bstd:69.2,StrandBias:-0.3,Multiplicity:1.02
0.720	0.001	0.278	0.001
0.001	0.001	0.001	0.997
0.997	0.001	0.001	0.001
0.997	0.001	0.001	0.001
0.997	0.001	0.001	0.001
0.001	0.997	0.001	0.001
0.997	0.001	0.001	0.001
0.997	0.001	0.001	0.001
>ASGTGCGA	4-ASGTGCGA	5.655423	-441.968881	0	T:351.0(35.10%),B:51313.2(4.96%),P:1e-191	Tpos:95.5,Tstd:52.1,Bpos:99.5,Bstd:67.4,StrandBias:0.2,Multiplicity:1.06
0.971	0.009	0.019	0.001
0.145	0.394	0.287	0.173
0.010	0.001	0.988	0.001
0.001	0.001	0.007	0.991
0.014	0.008	0.977	0.001
0.001	0.860	0.001	0.138
0.001	0.001	0.970	0.028
0.997	0.001	0.001	0.001
>CSTAGGTG	5-CSTAGGTG	7.063576	-314.669362	0	T:225.0(22.50%),B:26435.8(2.55%),P:1e-136	Tpos:104.8,Tstd:54.3,Bpos:100.1,Bstd:68.1,StrandBias:-0.0,Multiplicity:1.02
0.001	0.997	0.001	0.001
0.156	0.426	0.380	0.038
0.014	0.004	0.001	0.981
0.995	0.003	0.001	0.001
0.023	0.049	0.852	0.076
0.008	0.001	0.990	0.001
0.001	0.001	0.001	0.997
0.001	0.001	0.997	0.001
>GGATTGCA	6-GGATTGCA	8.322090	-228.199606	0	T:175.0(17.50%),B:22350.3(2.16%),P:1e-99	Tpos:102.3,Tstd:55.3,Bpos:99.7,Bstd:67.1,StrandBias:-0.4,Multiplicity:1.04
0.001	0.217	0.781	0.001
0.001	0.083	0.605	0.311
0.997	0.001	0.001	0.001
0.001	0.001	0.001	0.997
0.001	0.001	0.001	0.997
0.001	0.001	0.997	0.001
0.001	0.997	0.001	0.001
0.983	0.001	0.015	0.001
>CGTGTGAT	7-CGTGTGAT	6.355510	-220.651519	0	T:256.0(25.60%),B:56409.5(5.45%),P:1e-95	Tpos:103.2,Tstd:52.3,Bpos:100.3,Bstd:66.5,StrandBias:-0.4,Multiplicity:1.09
0.001	0.605	0.393	0.001
0.001	0.001	0.997	0.001
0.195	0.001	0.065	0.739
0.163	0.063	0.773	0.001
0.001	0.250	0.063	0.686
0.215	0.001	0.570	0.214
0.997	0.001	0.001	0.001
0.001	0.309	0.010	0.680
>TCCCTGGA	8-TCCCTGGA	5.652500	-169.713568	0	T:400.0(40.00%),B:164443.3(15.89%),P:1e-73	Tpos:96.2,Tstd:55.8,Bpos:100.2,Bstd:63.4,StrandBias:-0.2,Multiplicity:1.13
0.001	0.001	0.001	0.997
0.001	0.997	0.001	0.001
0.225	0.641	0.001	0.133
0.001	0.743	0.255	0.001
0.181	0.101	0.001	0.717
0.181	0.001	0.817	0.001
0.001	0.001	0.997	0.001
0.997	0.001	0.001	0.001
>TTCCGAAG	9-TTCCGAAG	5.373991	-169.179374	0	T:433.0(43.30%),B:189223.2(18.29%),P:1e-73	Tpos:101.9,Tstd:56.4,Bpos:99.7,Bstd:64.9,StrandBias:-0.1,Multiplicity:1.18
0.004	0.006	0.006	0.984
0.001	0.001	0.002	0.996
0.001	0.997	0.001	0.001
0.001	0.916	0.015	0.068
0.074	0.110	0.604	0.212
0.751	0.020	0.170	0.059
0.905	0.001	0.090	0.004
0.013	0.001	0.985	0.001
>TGCAACGC	10-TGCAACGC	6.064639	-69.018838	0	T:184.0(18.40%),B:75496.8(7.30%),P:1e-29	Tpos:99.1,Tstd:56.3,Bpos:100.2,Bstd:65.9,StrandBias:0.5,Multiplicity:1.10
0.064	0.098	0.052	0.786
0.060	0.044	0.863	0.033
0.042	0.833	0.032	0.093
0.772	0.013	0.142	0.073
0.783	0.120	0.026	0.071
0.077	0.604	0.030	0.289
0.073	0.157	0.672	0.098
0.047	0.702	0.152	0.099
>AGTAAACA	11-AGTAAACA	8.236954	-48.640239	0	T:60.0(6.00%),B:13421.8(1.30%),P:1e-21	Tpos:114.6,Tstd:54.7,Bpos:100.4,Bstd:69.4,StrandBias:-0.2,Multiplicity:1.00
0.700	0.100	0.100	0.100
0.100	0.100	0.700	0.100
0.100	0.100	0.100	0.700
0.700	0.100	0.100	0.100
0.700	0.100	0.100	0.100
0.700	0.100	0.100	0.100
0.100	0.700	0.100	0.100
0.700	0.100	0.100	0.100
>TGACCTTT	12-TGACCTTT	8.265190	-22.148721	0	T:56.0(5.60%),B:22252.1(2.15%),P:1e-9	Tpos:98.0,Tstd:54.5,Bpos:99.7,Bstd:65.3,StrandBias:0.1,Multiplicity:1.00
0.001	0.203	0.075	0.721
0.001	0.001	0.997	0.001
0.997	0.001	0.001	0.001
0.001	0.997	0.001	0.001
0.001	0.997	0.001	0.001
0.001	0.001	0.018	0.980
0.001	0.001	0.001	0.997
0.001	0.179	0.001	0.819
>GGGCCCTC	13-GGGCCCTC	4.702052	-13.615731	0	T:268.0(26.80%),B:212479.8(20.53%),P:1e-5	Tpos:102.3,Tstd:55.6,Bpos:100.1,Bstd:53.1,StrandBias:-0.2,Multiplicity:1.39
0.102	0.068	0.746	0.084
0.060	0.041	0.835	0.064
0.104	0.160	0.683	0.053
0.060	0.813	0.071	0.056
0.115	0.750	0.064	0.071
0.070	0.748	0.047	0.135
0.050	0.170	0.074	0.706
0.077	0.729	0.128	0.066
