>CGCCCCCT	1-CGCCCCCT	7.322091	-6069.018680	0	T:17680.0(29.42%),B:7383.9(12.45%),P:1e-2635	Tpos:100.2,Tstd:44.4,Bpos:97.7,Bstd:60.5,StrandBias:0.0,Multiplicity:1.14
0.019	0.655	0.042	0.284
0.028	0.048	0.753	0.171
0.007	0.975	0.017	0.001
0.013	0.951	0.035	0.001
0.294	0.674	0.006	0.026
0.058	0.690	0.001	0.251
0.054	0.811	0.018	0.117
0.067	0.004	0.001	0.928
>ATGACTCA	2-ATGACTCA	8.673471	-2365.999219	0	T:4548.0(7.57%),B:1354.9(2.28%),P:1e-1027	Tpos:100.2,Tstd:49.3,Bpos:99.1,Bstd:59.5,StrandBias:-0.0,Multiplicity:1.09
0.618	0.130	0.242	0.010
0.001	0.001	0.001	0.997
0.001	0.001	0.993	0.005
0.997	0.001	0.001	0.001
0.014	0.726	0.248	0.012
0.001	0.001	0.009	0.989
0.024	0.974	0.001	0.001
0.994	0.001	0.004	0.001
>CCAGCAGG	3-CCAGCAGG	7.576824	-2182.713175	0	T:11989.0(19.95%),B:6376.4(10.75%),P:1e-947	Tpos:98.9,Tstd:49.3,Bpos:99.7,Bstd:61.4,StrandBias:-0.0,Multiplicity:1.09
0.164	0.581	0.001	0.254
0.001	0.997	0.001	0.001
0.934	0.001	0.001	0.064
0.001	0.102	0.896	0.001
0.001	0.997	0.001	0.001
0.997	0.001	0.001	0.001
0.001	0.001	0.997	0.001
0.093	0.001	0.905	0.001
>ATTTGCAT	4-ATTTGCAT	6.616166	-2101.163066	0	T:6404.0(10.66%),B:2566.7(4.33%),P:1e-912	Tpos:101.1,Tstd:54.2,Bpos:100.8,Bstd:63.2,StrandBias:0.0,Multiplicity:1.15
0.890	0.030	0.063	0.017
0.008	0.007	0.007	0.978
0.012	0.106	0.001	0.881
0.101	0.004	0.001	0.894
0.167	0.001	0.831	0.001
0.028	0.970	0.001	0.001
0.993	0.001	0.005	0.001
0.069	0.001	0.015	0.915
>CNATTGGC	5-CNATTGGC	3.854376	-2086.766825	0	T:31196.0(51.91%),B:23064.5(38.89%),P:1e-906	Tpos:99.9,Tstd:53.7,Bpos:98.8,Bstd:61.4,StrandBias:0.0,Multiplicity:1.45
0.032	0.689	0.105	0.174
0.214	0.211	0.354	0.221
0.714	0.042	0.119	0.125
0.216	0.080	0.122	0.582
0.115	0.071	0.048	0.766
0.096	0.089	0.720	0.095
0.132	0.102	0.612	0.154
0.157	0.563	0.105	0.175
>CCCTCTAG	6-CCCTCTAG	6.939604	-1796.091634	0	T:8668.0(14.42%),B:4328.7(7.30%),P:1e-780	Tpos:98.8,Tstd:51.0,Bpos:100.0,Bstd:59.7,StrandBias:0.1,Multiplicity:1.04
0.021	0.900	0.069	0.010
0.001	0.888	0.046	0.065
0.227	0.771	0.001	0.001
0.059	0.045	0.017	0.879
0.001	0.977	0.021	0.001
0.001	0.029	0.001	0.969
0.795	0.001	0.173	0.031
0.001	0.001	0.991	0.007
>TRCATTCC	7-TRCATTCC	7.032529	-1785.198170	0	T:8232.0(13.70%),B:4030.0(6.80%),P:1e-775	Tpos:100.6,Tstd:51.5,Bpos:100.2,Bstd:62.4,StrandBias:0.0,Multiplicity:1.14
0.165	0.179	0.229	0.428
0.439	0.084	0.444	0.032
0.291	0.627	0.081	0.001
0.942	0.031	0.026	0.001
0.037	0.025	0.008	0.930
0.059	0.012	0.017	0.912
0.066	0.856	0.018	0.060
0.001	0.864	0.047	0.088
>GGCGGGGC	8-GGCGGGGC	5.739637	-1215.184389	0	T:18382.0(30.59%),B:13010.0(21.94%),P:1e-527	Tpos:100.0,Tstd:52.9,Bpos:94.8,Bstd:59.9,StrandBias:0.0,Multiplicity:1.55
0.001	0.001	0.997	0.001
0.001	0.001	0.997	0.001
0.122	0.811	0.001	0.066
0.001	0.001	0.997	0.001
0.001	0.001	0.908	0.090
0.071	0.001	0.927	0.001
0.049	0.001	0.924	0.026
0.001	0.941	0.001	0.057
>GCATTTCC	9-GCATTTCC	5.242026	-1184.953019	0	T:18966.0(31.56%),B:13585.0(22.91%),P:1e-514	Tpos:99.4,Tstd:55.3,Bpos:100.3,Bstd:63.5,StrandBias:0.0,Multiplicity:1.10
0.107	0.004	0.829	0.060
0.124	0.726	0.032	0.118
0.756	0.078	0.087	0.079
0.148	0.121	0.084	0.647
0.127	0.035	0.019	0.819
0.103	0.058	0.050	0.789
0.046	0.752	0.190	0.012
0.187	0.683	0.042	0.088
>GTTACTTC	10-GTTACTTC	3.665172	-1170.036704	0	T:23879.0(39.73%),B:18056.3(30.45%),P:1e-508	Tpos:100.5,Tstd:56.3,Bpos:99.2,Bstd:59.9,StrandBias:-0.0,Multiplicity:1.39
0.003	0.002	0.902	0.093
0.001	0.001	0.001	0.997
0.290	0.061	0.098	0.551
0.997	0.001	0.001	0.001
0.088	0.910	0.001	0.001
0.001	0.001	0.409	0.589
0.001	0.222	0.220	0.557
0.240	0.608	0.151	0.001
>GCATTGTT	11-GCATTGTT	5.617005	-1114.463561	0	T:15962.0(26.56%),B:11095.5(18.71%),P:1e-484	Tpos:100.0,Tstd:56.2,Bpos:100.5,Bstd:63.0,StrandBias:-0.0,Multiplicity:1.13
0.094	0.112	0.655	0.139
0.080	0.852	0.021	0.047
0.568	0.052	0.069	0.311
0.021	0.022	0.088	0.869
0.047	0.023	0.070	0.860
0.009	0.236	0.705	0.050
0.025	0.122	0.028	0.825
0.091	0.146	0.095	0.668
>CCTTTCAR	12-CCTTTCAR	5.041888	-907.126387	0	T:22095.0(36.76%),B:17037.7(28.73%),P:1e-393	Tpos:100.5,Tstd:58.8,Bpos:99.7,Bstd:62.1,StrandBias:0.0,Multiplicity:1.14
0.001	0.567	0.282	0.150
0.334	0.543	0.001	0.122
0.127	0.001	0.001	0.871
0.112	0.001	0.068	0.819
0.096	0.001	0.084	0.819
0.274	0.675	0.001	0.050
0.611	0.001	0.387	0.001
0.468	0.065	0.385	0.082
>TAAAMRGC	13-TAAAMRGC	4.210006	-892.396644	0	T:27247.0(45.34%),B:21901.7(36.93%),P:1e-387	Tpos:100.7,Tstd:57.1,Bpos:100.6,Bstd:62.9,StrandBias:-0.0,Multiplicity:1.34
0.259	0.075	0.177	0.489
0.516	0.183	0.086	0.215
0.689	0.048	0.172	0.091
0.563	0.228	0.111	0.098
0.332	0.434	0.129	0.106
0.435	0.102	0.317	0.146
0.119	0.104	0.762	0.015
0.110	0.699	0.120	0.071
>GGGAGGAG	14-GGGAGGAG	8.825508	-886.363655	0	T:13264.0(22.07%),B:9220.9(15.55%),P:1e-384	Tpos:99.9,Tstd:55.1,Bpos:97.7,Bstd:59.0,StrandBias:-0.0,Multiplicity:1.17
0.001	0.001	0.997	0.001
0.001	0.001	0.997	0.001
0.001	0.001	0.997	0.001
0.669	0.133	0.001	0.197
0.001	0.001	0.997	0.001
0.001	0.001	0.997	0.001
0.795	0.001	0.203	0.001
0.001	0.001	0.997	0.001
>GCATAACA	15-GCATAACA	6.020594	-829.282431	0	T:7081.0(11.78%),B:4238.3(7.15%),P:1e-360	Tpos:98.8,Tstd:55.5,Bpos:100.3,Bstd:63.2,StrandBias:0.0,Multiplicity:1.04
0.040	0.042	0.895	0.023
0.221	0.668	0.048	0.063
0.696	0.108	0.056	0.140
0.104	0.027	0.001	0.868
0.532	0.135	0.121	0.212
0.677	0.060	0.120	0.143
0.030	0.933	0.024	0.013
0.733	0.092	0.040	0.135
>TGCTGRCT	16-TGCTGRCT	5.587900	-815.322186	0	T:16388.0(27.27%),B:12098.1(20.40%),P:1e-354	Tpos:99.4,Tstd:56.0,Bpos:100.4,Bstd:63.8,StrandBias:0.0,Multiplicity:1.14
0.252	0.087	0.015	0.646
0.304	0.001	0.585	0.110
0.115	0.883	0.001	0.001
0.252	0.151	0.001	0.596
0.012	0.001	0.633	0.354
0.429	0.075	0.464	0.032
0.222	0.592	0.064	0.122
0.264	0.106	0.001	0.629
>YWWSCGSW	17-YWWSCGSW	3.340212	-730.790838	0	T:12276.0(20.43%),B:8693.4(14.66%),P:1e-317	Tpos:99.9,Tstd:53.3,Bpos:98.2,Bstd:63.5,StrandBias:-0.0,Multiplicity:1.21
0.001	0.473	0.001	0.525
0.431	0.001	0.001	0.567
0.552	0.001	0.001	0.446
0.001	0.432	0.566	0.001
0.001	0.997	0.001	0.001
0.001	0.001	0.997	0.001
0.001	0.439	0.559	0.001
0.552	0.015	0.001	0.432
>GCTCCCTC	18-GCTCCCTC	7.729162	-700.239930	0	T:5437.0(9.05%),B:3149.1(5.31%),P:1e-304	Tpos:99.9,Tstd:53.1,Bpos:101.2,Bstd:61.3,StrandBias:0.0,Multiplicity:1.05
0.001	0.001	0.997	0.001
0.050	0.948	0.001	0.001
0.001	0.001	0.139	0.859
0.001	0.997	0.001	0.001
0.001	0.997	0.001	0.001
0.001	0.997	0.001	0.001
0.001	0.001	0.001	0.997
0.001	0.820	0.001	0.178
>TCCTTTGT	19-TCCTTTGT	8.250267	-610.105305	0	T:4117.0(6.85%),B:2273.7(3.83%),P:1e-264	Tpos:100.5,Tstd:56.3,Bpos:98.7,Bstd:59.9,StrandBias:0.0,Multiplicity:1.03
0.239	0.241	0.001	0.519
0.001	0.627	0.001	0.371
0.001	0.610	0.001	0.388
0.249	0.001	0.001	0.749
0.001	0.001	0.001	0.997
0.001	0.001	0.001	0.997
0.137	0.001	0.861	0.001
0.001	0.001	0.001	0.997
>ACACAAGG	20-ACACAAGG	7.669965	-546.836982	0	T:3737.0(6.22%),B:2070.0(3.49%),P:1e-237	Tpos:97.9,Tstd:55.5,Bpos:100.2,Bstd:59.8,StrandBias:-0.0,Multiplicity:1.02
0.576	0.346	0.001	0.077
0.040	0.958	0.001	0.001
0.954	0.001	0.044	0.001
0.414	0.581	0.001	0.004
0.847	0.001	0.116	0.036
0.778	0.025	0.001	0.196
0.188	0.001	0.673	0.138
0.121	0.001	0.863	0.015
>GAATCAGC	21-GAATCAGC	7.180766	-407.949260	0	T:3723.0(6.19%),B:2245.5(3.79%),P:1e-177	Tpos:100.2,Tstd:56.9,Bpos:97.1,Bstd:62.8,StrandBias:-0.0,Multiplicity:1.04
0.001	0.083	0.915	0.001
0.952	0.030	0.017	0.001
0.907	0.001	0.021	0.071
0.001	0.001	0.001	0.997
0.028	0.892	0.079	0.001
0.776	0.049	0.001	0.174
0.111	0.152	0.593	0.144
0.016	0.982	0.001	0.001
>ATTCCATT	22-ATTCCATT	4.345134	-315.227194	0	T:40514.0(67.41%),B:37082.6(62.53%),P:1e-136	Tpos:100.2,Tstd:59.0,Bpos:99.5,Bstd:61.5,StrandBias:0.0,Multiplicity:1.87
0.700	0.100	0.100	0.100
0.100	0.100	0.100	0.700
0.100	0.100	0.100	0.700
0.100	0.700	0.100	0.100
0.100	0.700	0.100	0.100
0.700	0.100	0.100	0.100
0.100	0.100	0.100	0.700
0.100	0.100	0.100	0.700
>RAGGCAAC	23-RAGGCAAC	6.294591	-288.236947	0	T:4859.0(8.08%),B:3378.2(5.70%),P:1e-125	Tpos:98.8,Tstd:53.9,Bpos:99.1,Bstd:63.6,StrandBias:-0.1,Multiplicity:1.06
0.529	0.047	0.422	0.002
0.575	0.001	0.001	0.423
0.422	0.001	0.576	0.001
0.001	0.001	0.997	0.001
0.001	0.997	0.001	0.001
0.997	0.001	0.001	0.001
0.997	0.001	0.001	0.001
0.001	0.997	0.001	0.001
>CGCAKGCG	24-CGCAKGCG	8.704862	-225.984205	0	T:2642.0(4.40%),B:1692.4(2.85%),P:1e-98	Tpos:99.9,Tstd:50.8,Bpos:94.6,Bstd:65.9,StrandBias:0.0,Multiplicity:1.15
0.001	0.997	0.001	0.001
0.001	0.001	0.997	0.001
0.001	0.997	0.001	0.001
0.997	0.001	0.001	0.001
0.001	0.094	0.523	0.382
0.001	0.001	0.997	0.001
0.001	0.997	0.001	0.001
0.001	0.001	0.997	0.001
>GGAATTGT	25-GGAATTGT	6.949386	-221.739249	0	T:3155.0(5.25%),B:2113.2(3.56%),P:1e-96	Tpos:103.4,Tstd:54.1,Bpos:98.4,Bstd:61.7,StrandBias:0.1,Multiplicity:1.03
0.020	0.036	0.868	0.076
0.045	0.040	0.842	0.073
0.736	0.089	0.075	0.100
0.638	0.059	0.126	0.177
0.051	0.041	0.097	0.811
0.062	0.094	0.042	0.802
0.060	0.141	0.737	0.062
0.037	0.070	0.068	0.825
