>CCCYCTRGTG	1-CCCYCTRGTG	8.655799	-11868.167466	0	T:10070.0(16.76%),B:1383.4(2.33%),P:1e-5154	Tpos:100.3,Tstd:34.8,Bpos:96.0,Bstd:62.1,StrandBias:-0.0,Multiplicity:1.03
0.038	0.959	0.001	0.002
0.002	0.992	0.005	0.001
0.390	0.608	0.001	0.001
0.009	0.532	0.010	0.449
0.001	0.997	0.001	0.001
0.005	0.017	0.001	0.977
0.399	0.026	0.476	0.100
0.013	0.240	0.709	0.038
0.081	0.077	0.014	0.828
0.003	0.002	0.994	0.001
>CCCCTAGTGG	2-CCCCTAGTGG	6.495995	-8172.782343	0	T:18456.0(30.71%),B:6701.8(11.30%),P:1e-3549	Tpos:100.1,Tstd:45.6,Bpos:99.3,Bstd:58.2,StrandBias:0.0,Multiplicity:1.08
0.034	0.928	0.021	0.017
0.256	0.615	0.028	0.101
0.012	0.757	0.039	0.192
0.007	0.954	0.016	0.023
0.070	0.122	0.017	0.791
0.632	0.092	0.153	0.123
0.050	0.144	0.696	0.110
0.117	0.079	0.038	0.766
0.012	0.015	0.934	0.039
0.027	0.020	0.930	0.023
>AGCGCCCTCT	3-AGCGCCCTCT	8.850205	-3317.159164	0	T:4228.0(7.03%),B:887.3(1.50%),P:1e-1440	Tpos:100.6,Tstd:44.9,Bpos:99.2,Bstd:61.0,StrandBias:-0.0,Multiplicity:1.02
0.871	0.008	0.099	0.022
0.015	0.050	0.934	0.001
0.001	0.954	0.001	0.044
0.020	0.001	0.925	0.054
0.019	0.979	0.001	0.001
0.001	0.972	0.008	0.019
0.112	0.873	0.014	0.001
0.001	0.230	0.001	0.768
0.001	0.988	0.001	0.010
0.033	0.049	0.001	0.917
>VTGASTCABN	4-VTGASTCABN	6.599003	-2506.469630	0	T:4063.0(6.76%),B:1057.8(1.78%),P:1e-1088	Tpos:100.0,Tstd:47.9,Bpos:100.1,Bstd:58.5,StrandBias:-0.0,Multiplicity:1.08
0.295	0.257	0.367	0.081
0.005	0.100	0.065	0.830
0.139	0.012	0.581	0.268
0.833	0.099	0.063	0.005
0.135	0.422	0.284	0.159
0.094	0.001	0.211	0.694
0.241	0.556	0.103	0.100
0.737	0.139	0.068	0.056
0.128	0.299	0.253	0.319
0.241	0.332	0.204	0.222
>GGGGCGGGGC	5-GGGGCGGGGC	8.850340	-2207.815160	0	T:10173.0(16.93%),B:5023.5(8.47%),P:1e-958	Tpos:99.9,Tstd:51.5,Bpos:87.6,Bstd:58.1,StrandBias:0.1,Multiplicity:1.52
0.139	0.020	0.539	0.302
0.168	0.001	0.823	0.008
0.011	0.001	0.987	0.001
0.007	0.001	0.986	0.006
0.204	0.650	0.009	0.137
0.020	0.001	0.977	0.002
0.011	0.013	0.796	0.180
0.235	0.008	0.669	0.088
0.114	0.039	0.801	0.046
0.077	0.772	0.001	0.150
>RGCYCCGCCC	6-RGCYCCGCCC	7.017668	-1861.270546	0	T:14725.0(24.50%),B:8882.3(14.98%),P:1e-808	Tpos:100.2,Tstd:52.2,Bpos:96.2,Bstd:58.4,StrandBias:-0.0,Multiplicity:1.19
0.554	0.001	0.444	0.001
0.353	0.001	0.645	0.001
0.186	0.704	0.041	0.069
0.086	0.471	0.011	0.433
0.235	0.763	0.001	0.001
0.001	0.997	0.001	0.001
0.069	0.001	0.824	0.106
0.001	0.997	0.001	0.001
0.001	0.997	0.001	0.001
0.001	0.614	0.001	0.384
>WVACAAWDGV	7-WVACAAWDGV	5.912044	-1835.964180	0	T:8803.0(14.65%),B:4387.7(7.40%),P:1e-797	Tpos:100.0,Tstd:55.5,Bpos:100.8,Bstd:60.9,StrandBias:0.0,Multiplicity:1.09
0.329	0.090	0.192	0.390
0.324	0.288	0.243	0.144
0.645	0.077	0.196	0.082
0.033	0.749	0.136	0.082
0.765	0.086	0.046	0.103
0.836	0.057	0.044	0.063
0.424	0.093	0.069	0.415
0.279	0.064	0.402	0.255
0.217	0.222	0.530	0.031
0.309	0.395	0.264	0.032
>BBAGGAATGY	8-BBAGGAATGY	6.916999	-1748.866780	0	T:10609.0(17.65%),B:5802.6(9.79%),P:1e-759	Tpos:100.9,Tstd:53.9,Bpos:102.0,Bstd:62.1,StrandBias:-0.0,Multiplicity:1.08
0.121	0.257	0.277	0.346
0.170	0.215	0.322	0.293
0.599	0.001	0.183	0.217
0.366	0.001	0.632	0.001
0.006	0.001	0.992	0.001
0.794	0.047	0.001	0.158
0.997	0.001	0.001	0.001
0.001	0.001	0.001	0.997
0.001	0.001	0.723	0.275
0.001	0.479	0.048	0.471
>TATGCAAATN	9-TATGCAAATN	6.572776	-1659.388707	0	T:6235.0(10.37%),B:2768.6(4.67%),P:1e-720	Tpos:100.5,Tstd:57.4,Bpos:101.4,Bstd:63.4,StrandBias:-0.0,Multiplicity:1.05
0.090	0.145	0.180	0.585
0.666	0.071	0.028	0.235
0.183	0.048	0.016	0.753
0.036	0.063	0.837	0.064
0.016	0.719	0.049	0.216
0.737	0.009	0.032	0.222
0.703	0.005	0.154	0.138
0.914	0.033	0.031	0.022
0.069	0.219	0.055	0.657
0.178	0.321	0.268	0.234
>TTGWWATGCA	10-TTGWWATGCA	5.149613	-1549.871336	0	T:17145.0(28.53%),B:11344.6(19.13%),P:1e-673	Tpos:100.7,Tstd:55.1,Bpos:100.4,Bstd:62.3,StrandBias:-0.0,Multiplicity:1.26
0.098	0.162	0.099	0.641
0.099	0.047	0.098	0.756
0.042	0.160	0.758	0.040
0.339	0.145	0.099	0.417
0.425	0.172	0.065	0.339
0.625	0.067	0.036	0.272
0.255	0.064	0.160	0.521
0.095	0.052	0.603	0.250
0.050	0.803	0.030	0.117
0.732	0.078	0.054	0.136
>NRSMATTTMC	11-NRSMATTTMC	4.920094	-1453.999617	0	T:30237.0(50.31%),B:23395.2(39.45%),P:1e-631	Tpos:100.4,Tstd:55.2,Bpos:99.6,Bstd:61.1,StrandBias:-0.0,Multiplicity:1.29
0.306	0.223	0.198	0.273
0.515	0.001	0.483	0.001
0.001	0.549	0.449	0.001
0.394	0.288	0.077	0.241
0.720	0.001	0.278	0.001
0.306	0.107	0.082	0.505
0.001	0.001	0.001	0.997
0.183	0.182	0.185	0.450
0.358	0.471	0.171	0.001
0.001	0.997	0.001	0.001
>KCYSATTGGC	12-KCYSATTGGC	6.061965	-1450.317119	0	T:10126.0(16.85%),B:5781.3(9.75%),P:1e-629	Tpos:99.4,Tstd:51.3,Bpos:92.4,Bstd:61.7,StrandBias:0.0,Multiplicity:1.19
0.164	0.168	0.303	0.365
0.054	0.570	0.210	0.166
0.013	0.363	0.153	0.471
0.139	0.354	0.439	0.068
0.831	0.025	0.091	0.053
0.030	0.050	0.001	0.919
0.044	0.004	0.015	0.937
0.098	0.004	0.782	0.116
0.038	0.016	0.805	0.141
0.061	0.660	0.031	0.248
>AGGGGGMGGG	13-AGGGGGMGGG	8.696385	-1290.414558	0	T:12494.0(20.79%),B:7878.0(13.28%),P:1e-560	Tpos:100.3,Tstd:54.8,Bpos:96.2,Bstd:58.6,StrandBias:-0.0,Multiplicity:1.20
0.643	0.002	0.163	0.192
0.269	0.001	0.729	0.001
0.212	0.001	0.786	0.001
0.249	0.001	0.749	0.001
0.001	0.001	0.997	0.001
0.001	0.001	0.997	0.001
0.349	0.404	0.001	0.246
0.001	0.001	0.997	0.001
0.001	0.138	0.860	0.001
0.120	0.001	0.878	0.001
>WAWCAGCAGG	14-WAWCAGCAGG	7.346330	-945.228269	0	T:7075.0(11.77%),B:4077.0(6.88%),P:1e-410	Tpos:98.7,Tstd:53.0,Bpos:100.5,Bstd:61.0,StrandBias:-0.0,Multiplicity:1.05
0.430	0.001	0.084	0.485
0.685	0.192	0.122	0.001
0.395	0.131	0.038	0.435
0.104	0.866	0.029	0.001
0.650	0.259	0.039	0.052
0.062	0.011	0.926	0.001
0.013	0.930	0.056	0.001
0.660	0.143	0.001	0.196
0.023	0.001	0.778	0.198
0.001	0.001	0.946	0.052
>GCCTTTTAAC	15-GCCTTTTAAC	4.857063	-809.889306	0	T:19814.0(32.97%),B:15194.6(25.62%),P:1e-351	Tpos:99.6,Tstd:58.4,Bpos:100.5,Bstd:61.9,StrandBias:0.0,Multiplicity:1.18
0.164	0.173	0.518	0.145
0.001	0.588	0.224	0.187
0.186	0.593	0.001	0.220
0.226	0.151	0.001	0.622
0.176	0.083	0.166	0.575
0.001	0.002	0.232	0.765
0.154	0.165	0.004	0.677
0.584	0.122	0.117	0.177
0.659	0.079	0.246	0.016
0.209	0.500	0.247	0.044
>AAAGCYGCTT	16-AAAGCYGCTT	4.864752	-652.075388	0	T:18416.0(30.64%),B:14341.9(24.19%),P:1e-283	Tpos:100.3,Tstd:56.9,Bpos:101.6,Bstd:62.4,StrandBias:-0.0,Multiplicity:1.12
0.559	0.149	0.109	0.183
0.678	0.109	0.196	0.017
0.633	0.026	0.241	0.100
0.144	0.133	0.709	0.014
0.103	0.640	0.248	0.009
0.167	0.383	0.162	0.288
0.188	0.085	0.498	0.230
0.180	0.394	0.241	0.185
0.201	0.290	0.042	0.467
0.098	0.119	0.260	0.523
>TGACGTCACC	17-TGACGTCACC	7.186713	-615.414998	0	T:2592.0(4.31%),B:1192.3(2.01%),P:1e-267	Tpos:101.0,Tstd:48.0,Bpos:93.3,Bstd:56.1,StrandBias:-0.0,Multiplicity:1.05
0.018	0.029	0.020	0.933
0.024	0.064	0.808	0.104
0.792	0.020	0.144	0.044
0.029	0.880	0.040	0.051
0.094	0.021	0.847	0.038
0.028	0.159	0.021	0.792
0.057	0.746	0.078	0.119
0.895	0.021	0.069	0.015
0.079	0.638	0.104	0.179
0.087	0.667	0.115	0.131
>TGCGCATGCG	18-TGCGCATGCG	8.688391	-478.174303	0	T:2093.0(3.48%),B:977.6(1.65%),P:1e-207	Tpos:99.7,Tstd:48.3,Bpos:86.3,Bstd:60.9,StrandBias:-0.1,Multiplicity:1.20
0.068	0.278	0.112	0.542
0.138	0.044	0.764	0.054
0.052	0.888	0.048	0.012
0.049	0.044	0.878	0.029
0.084	0.844	0.032	0.040
0.814	0.093	0.037	0.056
0.084	0.059	0.127	0.730
0.047	0.028	0.855	0.070
0.038	0.835	0.041	0.086
0.053	0.036	0.850	0.061
>ATTCCATTCC	19-ATTCCATTCC	-7.021987	-418.238316	0	T:37016.0(61.59%),B:33086.4(55.79%),P:1e-181	Tpos:100.5,Tstd:56.2,Bpos:99.8,Bstd:61.2,StrandBias:-0.0,Multiplicity:1.76
0.997	0.001	0.001	0.001
0.001	0.001	0.001	0.997
0.001	0.001	0.001	0.997
0.001	0.997	0.001	0.001
0.001	0.966	0.032	0.001
0.949	0.001	0.049	0.001
0.001	0.001	0.001	0.997
0.001	0.001	0.001	0.997
0.001	0.997	0.001	0.001
0.001	0.894	0.104	0.001
>CGTCACGTGA	20-CGTCACGTGA	8.019620	-291.393581	0	T:1009.0(1.68%),B:422.9(0.71%),P:1e-126	Tpos:101.8,Tstd:49.3,Bpos:91.2,Bstd:54.9,StrandBias:-0.0,Multiplicity:1.06
0.109	0.619	0.192	0.080
0.040	0.029	0.901	0.030
0.001	0.015	0.087	0.897
0.001	0.997	0.001	0.001
0.981	0.007	0.001	0.011
0.001	0.940	0.001	0.058
0.026	0.019	0.947	0.008
0.004	0.016	0.021	0.959
0.001	0.001	0.997	0.001
0.873	0.041	0.085	0.001
>GGGAAATGTA	21-GGGAAATGTA	10.608241	-184.292579	0	T:354.0(0.59%),B:104.7(0.18%),P:1e-80	Tpos:103.4,Tstd:51.3,Bpos:96.8,Bstd:64.4,StrandBias:-0.0,Multiplicity:1.03
0.152	0.001	0.846	0.001
0.001	0.001	0.997	0.001
0.001	0.001	0.997	0.001
0.997	0.001	0.001	0.001
0.879	0.001	0.119	0.001
0.997	0.001	0.001	0.001
0.001	0.053	0.001	0.945
0.001	0.001	0.997	0.001
0.001	0.001	0.001	0.997
0.997	0.001	0.001	0.001
>GCTAAGTAGC	22-GCTAAGTAGC	11.015462	-140.355439	0	T:103.0(0.17%),B:11.4(0.02%),P:1e-60	Tpos:99.8,Tstd:56.1,Bpos:94.8,Bstd:46.0,StrandBias:0.0,Multiplicity:1.08
0.001	0.001	0.997	0.001
0.001	0.997	0.001	0.001
0.001	0.001	0.001	0.997
0.997	0.001	0.001	0.001
0.687	0.311	0.001	0.001
0.001	0.001	0.997	0.001
0.001	0.001	0.001	0.997
0.997	0.001	0.001	0.001
0.191	0.001	0.807	0.001
0.001	0.997	0.001	0.001
>CCTTGGTCTA	23-CCTTGGTCTA	13.642342	-108.783496	0	T:107.0(0.18%),B:17.2(0.03%),P:1e-47	Tpos:99.8,Tstd:44.7,Bpos:74.3,Bstd:65.4,StrandBias:-0.1,Multiplicity:1.10
0.001	0.997	0.001	0.001
0.001	0.997	0.001	0.001
0.001	0.001	0.144	0.854
0.001	0.001	0.001	0.997
0.001	0.036	0.962	0.001
0.001	0.001	0.997	0.001
0.001	0.001	0.001	0.997
0.001	0.997	0.001	0.001
0.001	0.001	0.001	0.997
0.997	0.001	0.001	0.001
>ATCTCGCGAG	24-ATCTCGCGAG	8.890219	-106.653879	0	T:279.0(0.46%),B:101.1(0.17%),P:1e-46	Tpos:102.6,Tstd:50.2,Bpos:82.5,Bstd:59.5,StrandBias:0.1,Multiplicity:1.08
0.597	0.137	0.152	0.114
0.014	0.063	0.001	0.922
0.061	0.914	0.024	0.001
0.017	0.001	0.012	0.970
0.005	0.987	0.001	0.007
0.028	0.001	0.970	0.001
0.001	0.997	0.001	0.001
0.011	0.001	0.977	0.011
0.971	0.017	0.011	0.001
0.017	0.041	0.895	0.047
>GCATAATAGA	25-GCATAATAGA	6.939349	-85.348438	0	T:104.0(0.17%),B:21.4(0.04%),P:1e-37	Tpos:95.7,Tstd:58.7,Bpos:96.4,Bstd:39.2,StrandBias:-0.0,Multiplicity:1.00
0.001	0.001	0.997	0.001
0.001	0.997	0.001	0.001
0.991	0.001	0.007	0.001
0.001	0.001	0.001	0.997
0.997	0.001	0.001	0.001
0.997	0.001	0.001	0.001
0.001	0.151	0.001	0.847
0.997	0.001	0.001	0.001
0.001	0.001	0.997	0.001
0.951	0.001	0.001	0.047
