>CCCYCTRGTG	1-CCCYCTRGTG	8.655799	-11868.167466	0	T:10070.0(16.76%),B:1383.4(2.33%),P:1e-5154	Tpos:100.3,Tstd:34.8,Bpos:96.0,Bstd:62.1,StrandBias:-0.0,Multiplicity:1.03
0.038	0.959	0.001	0.002
0.002	0.992	0.005	0.001
0.390	0.608	0.001	0.001
0.009	0.532	0.010	0.449
0.001	0.997	0.001	0.001
0.005	0.017	0.001	0.977
0.399	0.026	0.476	0.100
0.013	0.240	0.709	0.038
0.081	0.077	0.014	0.828
0.003	0.002	0.994	0.001
>CCCCTAGTGG	2-CCCCTAGTGG	6.495995	-8172.782343	0	T:18456.0(30.71%),B:6701.8(11.30%),P:1e-3549	Tpos:100.1,Tstd:45.6,Bpos:99.3,Bstd:58.2,StrandBias:0.0,Multiplicity:1.08
0.034	0.928	0.021	0.017
0.256	0.615	0.028	0.101
0.012	0.757	0.039	0.192
0.007	0.954	0.016	0.023
0.070	0.122	0.017	0.791
0.632	0.092	0.153	0.123
0.050	0.144	0.696	0.110
0.117	0.079	0.038	0.766
0.012	0.015	0.934	0.039
0.027	0.020	0.930	0.023
>AGCGCCCTCT	3-AGCGCCCTCT	8.850205	-3317.159164	0	T:4228.0(7.03%),B:887.3(1.50%),P:1e-1440	Tpos:100.6,Tstd:44.9,Bpos:99.2,Bstd:61.0,StrandBias:-0.0,Multiplicity:1.02
0.871	0.008	0.099	0.022
0.015	0.050	0.934	0.001
0.001	0.954	0.001	0.044
0.020	0.001	0.925	0.054
0.019	0.979	0.001	0.001
0.001	0.972	0.008	0.019
0.112	0.873	0.014	0.001
0.001	0.230	0.001	0.768
0.001	0.988	0.001	0.010
0.033	0.049	0.001	0.917
>VTGASTCABN	4-VTGASTCABN	6.599003	-2506.469630	0	T:4063.0(6.76%),B:1057.8(1.78%),P:1e-1088	Tpos:100.0,Tstd:47.9,Bpos:100.1,Bstd:58.5,StrandBias:-0.0,Multiplicity:1.08
0.295	0.257	0.367	0.081
0.005	0.100	0.065	0.830
0.139	0.012	0.581	0.268
0.833	0.099	0.063	0.005
0.135	0.422	0.284	0.159
0.094	0.001	0.211	0.694
0.241	0.556	0.103	0.100
0.737	0.139	0.068	0.056
0.128	0.299	0.253	0.319
0.241	0.332	0.204	0.222
>GGGGCGGGGC	5-GGGGCGGGGC	8.850340	-2207.815160	0	T:10173.0(16.93%),B:5023.5(8.47%),P:1e-958	Tpos:99.9,Tstd:51.5,Bpos:87.6,Bstd:58.1,StrandBias:0.1,Multiplicity:1.52
0.139	0.020	0.539	0.302
0.168	0.001	0.823	0.008
0.011	0.001	0.987	0.001
0.007	0.001	0.986	0.006
0.204	0.650	0.009	0.137
0.020	0.001	0.977	0.002
0.011	0.013	0.796	0.180
0.235	0.008	0.669	0.088
0.114	0.039	0.801	0.046
0.077	0.772	0.001	0.150
>RGCYCCGCCC	6-RGCYCCGCCC	7.017668	-1861.270546	0	T:14725.0(24.50%),B:8882.3(14.98%),P:1e-808	Tpos:100.2,Tstd:52.2,Bpos:96.2,Bstd:58.4,StrandBias:-0.0,Multiplicity:1.19
0.554	0.001	0.444	0.001
0.353	0.001	0.645	0.001
0.186	0.704	0.041	0.069
0.086	0.471	0.011	0.433
0.235	0.763	0.001	0.001
0.001	0.997	0.001	0.001
0.069	0.001	0.824	0.106
0.001	0.997	0.001	0.001
0.001	0.997	0.001	0.001
0.001	0.614	0.001	0.384
>WVACAAWDGV	7-WVACAAWDGV	5.912044	-1835.964180	0	T:8803.0(14.65%),B:4387.7(7.40%),P:1e-797	Tpos:100.0,Tstd:55.5,Bpos:100.8,Bstd:60.9,StrandBias:0.0,Multiplicity:1.09
0.329	0.090	0.192	0.390
0.324	0.288	0.243	0.144
0.645	0.077	0.196	0.082
0.033	0.749	0.136	0.082
0.765	0.086	0.046	0.103
0.836	0.057	0.044	0.063
0.424	0.093	0.069	0.415
0.279	0.064	0.402	0.255
0.217	0.222	0.530	0.031
0.309	0.395	0.264	0.032
>BBAGGAATGY	8-BBAGGAATGY	6.916999	-1748.866780	0	T:10609.0(17.65%),B:5802.6(9.79%),P:1e-759	Tpos:100.9,Tstd:53.9,Bpos:102.0,Bstd:62.1,StrandBias:-0.0,Multiplicity:1.08
0.121	0.257	0.277	0.346
0.170	0.215	0.322	0.293
0.599	0.001	0.183	0.217
0.366	0.001	0.632	0.001
0.006	0.001	0.992	0.001
0.794	0.047	0.001	0.158
0.997	0.001	0.001	0.001
0.001	0.001	0.001	0.997
0.001	0.001	0.723	0.275
0.001	0.479	0.048	0.471
>TATGCAAATN	9-TATGCAAATN	6.572776	-1659.388707	0	T:6235.0(10.37%),B:2768.6(4.67%),P:1e-720	Tpos:100.5,Tstd:57.4,Bpos:101.4,Bstd:63.4,StrandBias:-0.0,Multiplicity:1.05
0.090	0.145	0.180	0.585
0.666	0.071	0.028	0.235
0.183	0.048	0.016	0.753
0.036	0.063	0.837	0.064
0.016	0.719	0.049	0.216
0.737	0.009	0.032	0.222
0.703	0.005	0.154	0.138
0.914	0.033	0.031	0.022
0.069	0.219	0.055	0.657
0.178	0.321	0.268	0.234
>TTGWWATGCA	10-TTGWWATGCA	5.149613	-1549.871336	0	T:17145.0(28.53%),B:11344.6(19.13%),P:1e-673	Tpos:100.7,Tstd:55.1,Bpos:100.4,Bstd:62.3,StrandBias:-0.0,Multiplicity:1.26
0.098	0.162	0.099	0.641
0.099	0.047	0.098	0.756
0.042	0.160	0.758	0.040
0.339	0.145	0.099	0.417
0.425	0.172	0.065	0.339
0.625	0.067	0.036	0.272
0.255	0.064	0.160	0.521
0.095	0.052	0.603	0.250
0.050	0.803	0.030	0.117
0.732	0.078	0.054	0.136
>NRSMATTTMC	11-NRSMATTTMC	4.920094	-1453.999617	0	T:30237.0(50.31%),B:23395.2(39.45%),P:1e-631	Tpos:100.4,Tstd:55.2,Bpos:99.6,Bstd:61.1,StrandBias:-0.0,Multiplicity:1.29
0.306	0.223	0.198	0.273
0.515	0.001	0.483	0.001
0.001	0.549	0.449	0.001
0.394	0.288	0.077	0.241
0.720	0.001	0.278	0.001
0.306	0.107	0.082	0.505
0.001	0.001	0.001	0.997
0.183	0.182	0.185	0.450
0.358	0.471	0.171	0.001
0.001	0.997	0.001	0.001
>KCYSATTGGC	12-KCYSATTGGC	6.061965	-1450.317119	0	T:10126.0(16.85%),B:5781.3(9.75%),P:1e-629	Tpos:99.4,Tstd:51.3,Bpos:92.4,Bstd:61.7,StrandBias:0.0,Multiplicity:1.19
0.164	0.168	0.303	0.365
0.054	0.570	0.210	0.166
0.013	0.363	0.153	0.471
0.139	0.354	0.439	0.068
0.831	0.025	0.091	0.053
0.030	0.050	0.001	0.919
0.044	0.004	0.015	0.937
0.098	0.004	0.782	0.116
0.038	0.016	0.805	0.141
0.061	0.660	0.031	0.248
>AGGGGGMGGG	13-AGGGGGMGGG	8.696385	-1290.414558	0	T:12494.0(20.79%),B:7878.0(13.28%),P:1e-560	Tpos:100.3,Tstd:54.8,Bpos:96.2,Bstd:58.6,StrandBias:-0.0,Multiplicity:1.20
0.643	0.002	0.163	0.192
0.269	0.001	0.729	0.001
0.212	0.001	0.786	0.001
0.249	0.001	0.749	0.001
0.001	0.001	0.997	0.001
0.001	0.001	0.997	0.001
0.349	0.404	0.001	0.246
0.001	0.001	0.997	0.001
0.001	0.138	0.860	0.001
0.120	0.001	0.878	0.001
>WAWCAGCAGG	14-WAWCAGCAGG	7.346330	-945.228269	0	T:7075.0(11.77%),B:4077.0(6.88%),P:1e-410	Tpos:98.7,Tstd:53.0,Bpos:100.5,Bstd:61.0,StrandBias:-0.0,Multiplicity:1.05
0.430	0.001	0.084	0.485
0.685	0.192	0.122	0.001
0.395	0.131	0.038	0.435
0.104	0.866	0.029	0.001
0.650	0.259	0.039	0.052
0.062	0.011	0.926	0.001
0.013	0.930	0.056	0.001
0.660	0.143	0.001	0.196
0.023	0.001	0.778	0.198
0.001	0.001	0.946	0.052
>GCCTTTTAAC	15-GCCTTTTAAC	4.857063	-809.889306	0	T:19814.0(32.97%),B:15194.6(25.62%),P:1e-351	Tpos:99.6,Tstd:58.4,Bpos:100.5,Bstd:61.9,StrandBias:0.0,Multiplicity:1.18
0.164	0.173	0.518	0.145
0.001	0.588	0.224	0.187
0.186	0.593	0.001	0.220
0.226	0.151	0.001	0.622
0.176	0.083	0.166	0.575
0.001	0.002	0.232	0.765
0.154	0.165	0.004	0.677
0.584	0.122	0.117	0.177
0.659	0.079	0.246	0.016
0.209	0.500	0.247	0.044
>AAAGCYGCTT	16-AAAGCYGCTT	4.864752	-652.075388	0	T:18416.0(30.64%),B:14341.9(24.19%),P:1e-283	Tpos:100.3,Tstd:56.9,Bpos:101.6,Bstd:62.4,StrandBias:-0.0,Multiplicity:1.12
0.559	0.149	0.109	0.183
0.678	0.109	0.196	0.017
0.633	0.026	0.241	0.100
0.144	0.133	0.709	0.014
0.103	0.640	0.248	0.009
0.167	0.383	0.162	0.288
0.188	0.085	0.498	0.230
0.180	0.394	0.241	0.185
0.201	0.290	0.042	0.467
0.098	0.119	0.260	0.523
>TGACGTCACC	17-TGACGTCACC	7.186713	-615.414998	0	T:2592.0(4.31%),B:1192.3(2.01%),P:1e-267	Tpos:101.0,Tstd:48.0,Bpos:93.3,Bstd:56.1,StrandBias:-0.0,Multiplicity:1.05
0.018	0.029	0.020	0.933
0.024	0.064	0.808	0.104
0.792	0.020	0.144	0.044
0.029	0.880	0.040	0.051
0.094	0.021	0.847	0.038
0.028	0.159	0.021	0.792
0.057	0.746	0.078	0.119
0.895	0.021	0.069	0.015
0.079	0.638	0.104	0.179
0.087	0.667	0.115	0.131
>TGCGCATGCG	18-TGCGCATGCG	8.688391	-478.174303	0	T:2093.0(3.48%),B:977.6(1.65%),P:1e-207	Tpos:99.7,Tstd:48.3,Bpos:86.3,Bstd:60.9,StrandBias:-0.1,Multiplicity:1.20
0.068	0.278	0.112	0.542
0.138	0.044	0.764	0.054
0.052	0.888	0.048	0.012
0.049	0.044	0.878	0.029
0.084	0.844	0.032	0.040
0.814	0.093	0.037	0.056
0.084	0.059	0.127	0.730
0.047	0.028	0.855	0.070
0.038	0.835	0.041	0.086
0.053	0.036	0.850	0.061
>ATTCCATTCC	19-ATTCCATTCC	-7.021987	-418.238316	0	T:37016.0(61.59%),B:33086.4(55.79%),P:1e-181	Tpos:100.5,Tstd:56.2,Bpos:99.8,Bstd:61.2,StrandBias:-0.0,Multiplicity:1.76
0.997	0.001	0.001	0.001
0.001	0.001	0.001	0.997
0.001	0.001	0.001	0.997
0.001	0.997	0.001	0.001
0.001	0.966	0.032	0.001
0.949	0.001	0.049	0.001
0.001	0.001	0.001	0.997
0.001	0.001	0.001	0.997
0.001	0.997	0.001	0.001
0.001	0.894	0.104	0.001
>CGTCACGTGA	20-CGTCACGTGA	8.019620	-291.393581	0	T:1009.0(1.68%),B:422.9(0.71%),P:1e-126	Tpos:101.8,Tstd:49.3,Bpos:91.2,Bstd:54.9,StrandBias:-0.0,Multiplicity:1.06
0.109	0.619	0.192	0.080
0.040	0.029	0.901	0.030
0.001	0.015	0.087	0.897
0.001	0.997	0.001	0.001
0.981	0.007	0.001	0.011
0.001	0.940	0.001	0.058
0.026	0.019	0.947	0.008
0.004	0.016	0.021	0.959
0.001	0.001	0.997	0.001
0.873	0.041	0.085	0.001
>GGGAAATGTA	21-GGGAAATGTA	10.608241	-184.292579	0	T:354.0(0.59%),B:104.7(0.18%),P:1e-80	Tpos:103.4,Tstd:51.3,Bpos:96.8,Bstd:64.4,StrandBias:-0.0,Multiplicity:1.03
0.152	0.001	0.846	0.001
0.001	0.001	0.997	0.001
0.001	0.001	0.997	0.001
0.997	0.001	0.001	0.001
0.879	0.001	0.119	0.001
0.997	0.001	0.001	0.001
0.001	0.053	0.001	0.945
0.001	0.001	0.997	0.001
0.001	0.001	0.001	0.997
0.997	0.001	0.001	0.001
>GCTAAGTAGC	22-GCTAAGTAGC	11.015462	-140.355439	0	T:103.0(0.17%),B:11.4(0.02%),P:1e-60	Tpos:99.8,Tstd:56.1,Bpos:94.8,Bstd:46.0,StrandBias:0.0,Multiplicity:1.08
0.001	0.001	0.997	0.001
0.001	0.997	0.001	0.001
0.001	0.001	0.001	0.997
0.997	0.001	0.001	0.001
0.687	0.311	0.001	0.001
0.001	0.001	0.997	0.001
0.001	0.001	0.001	0.997
0.997	0.001	0.001	0.001
0.191	0.001	0.807	0.001
0.001	0.997	0.001	0.001
>CCTTGGTCTA	23-CCTTGGTCTA	13.642342	-108.783496	0	T:107.0(0.18%),B:17.2(0.03%),P:1e-47	Tpos:99.8,Tstd:44.7,Bpos:74.3,Bstd:65.4,StrandBias:-0.1,Multiplicity:1.10
0.001	0.997	0.001	0.001
0.001	0.997	0.001	0.001
0.001	0.001	0.144	0.854
0.001	0.001	0.001	0.997
0.001	0.036	0.962	0.001
0.001	0.001	0.997	0.001
0.001	0.001	0.001	0.997
0.001	0.997	0.001	0.001
0.001	0.001	0.001	0.997
0.997	0.001	0.001	0.001
>ATCTCGCGAG	24-ATCTCGCGAG	8.890219	-106.653879	0	T:279.0(0.46%),B:101.1(0.17%),P:1e-46	Tpos:102.6,Tstd:50.2,Bpos:82.5,Bstd:59.5,StrandBias:0.1,Multiplicity:1.08
0.597	0.137	0.152	0.114
0.014	0.063	0.001	0.922
0.061	0.914	0.024	0.001
0.017	0.001	0.012	0.970
0.005	0.987	0.001	0.007
0.028	0.001	0.970	0.001
0.001	0.997	0.001	0.001
0.011	0.001	0.977	0.011
0.971	0.017	0.011	0.001
0.017	0.041	0.895	0.047
>GCATAATAGA	25-GCATAATAGA	6.939349	-85.348438	0	T:104.0(0.17%),B:21.4(0.04%),P:1e-37	Tpos:95.7,Tstd:58.7,Bpos:96.4,Bstd:39.2,StrandBias:-0.0,Multiplicity:1.00
0.001	0.001	0.997	0.001
0.001	0.997	0.001	0.001
0.991	0.001	0.007	0.001
0.001	0.001	0.001	0.997
0.997	0.001	0.001	0.001
0.997	0.001	0.001	0.001
0.001	0.151	0.001	0.847
0.997	0.001	0.001	0.001
0.001	0.001	0.997	0.001
0.951	0.001	0.001	0.047
>GCCCCCTRGTGG	1-GCCCCCTRGTGG	8.186079	-18874.188829	0	T:12811.0(21.32%),B:1298.4(2.19%),P:1e-8196	Tpos:100.4,Tstd:33.4,Bpos:97.6,Bstd:59.1,StrandBias:-0.0,Multiplicity:1.03
0.060	0.016	0.835	0.089
0.038	0.937	0.014	0.011
0.004	0.989	0.001	0.006
0.346	0.609	0.012	0.033
0.008	0.654	0.001	0.337
0.001	0.996	0.001	0.002
0.030	0.037	0.005	0.928
0.456	0.042	0.379	0.123
0.016	0.130	0.835	0.019
0.075	0.039	0.036	0.850
0.001	0.001	0.996	0.002
0.025	0.027	0.913	0.035
>KGCCAGCAGGGG	2-KGCCAGCAGGGG	6.066260	-6176.660503	0	T:20887.0(34.75%),B:9576.8(16.15%),P:1e-2682	Tpos:100.1,Tstd:50.7,Bpos:100.5,Bstd:58.5,StrandBias:0.0,Multiplicity:1.12
0.165	0.184	0.368	0.283
0.133	0.313	0.544	0.010
0.005	0.856	0.001	0.138
0.001	0.997	0.001	0.001
0.706	0.001	0.101	0.192
0.001	0.422	0.576	0.001
0.134	0.722	0.001	0.143
0.853	0.001	0.129	0.017
0.001	0.001	0.997	0.001
0.180	0.001	0.818	0.001
0.296	0.001	0.530	0.173
0.001	0.001	0.997	0.001
>AYAGCGCCCCCT	3-AYAGCGCCCCCT	8.323418	-3925.363605	0	T:5917.0(9.85%),B:1465.1(2.47%),P:1e-1704	Tpos:101.6,Tstd:43.4,Bpos:98.4,Bstd:59.8,StrandBias:-0.0,Multiplicity:1.03
0.628	0.148	0.142	0.082
0.089	0.273	0.239	0.399
0.705	0.040	0.194	0.061
0.032	0.088	0.858	0.022
0.056	0.814	0.045	0.085
0.096	0.072	0.638	0.194
0.038	0.887	0.039	0.036
0.033	0.881	0.037	0.049
0.147	0.693	0.060	0.100
0.025	0.750	0.027	0.198
0.021	0.922	0.017	0.040
0.068	0.059	0.048	0.825
>NRVTGASTCABC	4-NRVTGASTCABC	7.201714	-2559.518654	0	T:4427.0(7.37%),B:1216.7(2.05%),P:1e-1111	Tpos:100.3,Tstd:47.9,Bpos:99.6,Bstd:57.2,StrandBias:0.0,Multiplicity:1.09
0.237	0.243	0.233	0.287
0.252	0.182	0.399	0.167
0.251	0.346	0.384	0.019
0.001	0.001	0.001	0.997
0.001	0.001	0.988	0.010
0.980	0.004	0.013	0.003
0.032	0.507	0.445	0.016
0.009	0.001	0.001	0.989
0.008	0.984	0.001	0.007
0.981	0.009	0.002	0.008
0.029	0.353	0.295	0.323
0.237	0.395	0.163	0.205
>TTGTTATGCAAA	5-TTGTTATGCAAA	8.071161	-2434.186542	0	T:3816.0(6.35%),B:964.7(1.63%),P:1e-1057	Tpos:101.3,Tstd:53.3,Bpos:103.2,Bstd:62.6,StrandBias:-0.1,Multiplicity:1.04
0.028	0.030	0.031	0.911
0.143	0.002	0.055	0.800
0.055	0.194	0.680	0.071
0.250	0.040	0.018	0.692
0.093	0.261	0.203	0.443
0.741	0.020	0.015	0.224
0.048	0.004	0.033	0.915
0.024	0.037	0.733	0.206
0.042	0.719	0.039	0.200
0.796	0.007	0.001	0.196
0.707	0.058	0.163	0.072
0.896	0.037	0.063	0.004
>GGGCGGGGCCDN	6-GGGCGGGGCCDN	8.254897	-2077.245865	0	T:12624.0(21.00%),B:6969.9(11.75%),P:1e-902	Tpos:100.0,Tstd:51.3,Bpos:90.9,Bstd:58.6,StrandBias:0.1,Multiplicity:1.53
0.089	0.001	0.909	0.001
0.001	0.001	0.997	0.001
0.001	0.001	0.997	0.001
0.200	0.683	0.001	0.116
0.001	0.001	0.997	0.001
0.001	0.001	0.826	0.172
0.280	0.001	0.659	0.060
0.109	0.001	0.838	0.052
0.104	0.709	0.001	0.186
0.076	0.498	0.181	0.246
0.318	0.151	0.243	0.288
0.232	0.220	0.325	0.223
>GCCMYCTAGTGY	7-GCCMYCTAGTGY	9.349689	-2064.393540	0	T:3192.0(5.31%),B:794.5(1.34%),P:1e-896	Tpos:99.6,Tstd:47.5,Bpos:96.7,Bstd:59.6,StrandBias:-0.1,Multiplicity:1.00
0.161	0.001	0.520	0.318
0.160	0.838	0.001	0.001
0.001	0.997	0.001	0.001
0.435	0.563	0.001	0.001
0.001	0.451	0.001	0.547
0.001	0.997	0.001	0.001
0.001	0.001	0.001	0.997
0.619	0.001	0.261	0.119
0.001	0.288	0.608	0.103
0.171	0.230	0.203	0.396
0.004	0.001	0.994	0.001
0.224	0.413	0.001	0.362
>NYBBTGGAATKY	8-NYBBTGGAATKY	3.984570	-1817.350219	0	T:7573.0(12.60%),B:3543.5(5.98%),P:1e-789	Tpos:100.7,Tstd:51.2,Bpos:100.1,Bstd:60.6,StrandBias:-0.0,Multiplicity:1.08
0.275	0.255	0.178	0.293
0.200	0.277	0.164	0.359
0.156	0.228	0.291	0.325
0.087	0.305	0.353	0.255
0.381	0.001	0.001	0.617
0.001	0.001	0.997	0.001
0.001	0.001	0.997	0.001
0.997	0.001	0.001	0.001
0.997	0.001	0.001	0.001
0.001	0.001	0.001	0.997
0.001	0.001	0.461	0.537
0.001	0.502	0.001	0.496
>CTVATTWGCATA	9-CTVATTWGCATA	6.766257	-1258.042566	0	T:6109.0(10.16%),B:3023.1(5.10%),P:1e-546	Tpos:99.5,Tstd:55.5,Bpos:100.1,Bstd:61.4,StrandBias:0.1,Multiplicity:1.07
0.048	0.579	0.189	0.184
0.170	0.162	0.015	0.653
0.319	0.307	0.250	0.124
0.844	0.101	0.021	0.034
0.022	0.026	0.022	0.930
0.009	0.095	0.023	0.873
0.544	0.014	0.013	0.429
0.224	0.056	0.697	0.023
0.015	0.955	0.029	0.001
0.908	0.042	0.001	0.049
0.251	0.067	0.174	0.508
0.481	0.132	0.244	0.143
>RGCCAATSRGRR	10-RGCCAATSRGRR	5.224089	-1060.910029	0	T:4472.0(7.44%),B:2073.7(3.50%),P:1e-460	Tpos:99.8,Tstd:48.9,Bpos:85.7,Bstd:61.2,StrandBias:0.0,Multiplicity:1.15
0.486	0.106	0.407	0.001
0.206	0.071	0.722	0.001
0.001	0.997	0.001	0.001
0.001	0.997	0.001	0.001
0.997	0.001	0.001	0.001
0.997	0.001	0.001	0.001
0.001	0.001	0.001	0.997
0.055	0.476	0.469	0.001
0.511	0.050	0.438	0.001
0.001	0.300	0.698	0.001
0.424	0.192	0.383	0.001
0.401	0.001	0.491	0.107
>CCTTTGTBHTGC	11-CCTTTGTBHTGC	7.671073	-1023.729828	0	T:6388.0(10.63%),B:3466.0(5.84%),P:1e-444	Tpos:99.0,Tstd:54.9,Bpos:101.8,Bstd:57.7,StrandBias:-0.0,Multiplicity:1.06
0.001	0.707	0.112	0.180
0.001	0.634	0.001	0.364
0.091	0.001	0.001	0.907
0.002	0.260	0.012	0.726
0.002	0.001	0.025	0.972
0.034	0.058	0.906	0.002
0.067	0.016	0.001	0.916
0.087	0.349	0.290	0.274
0.371	0.292	0.026	0.311
0.137	0.050	0.208	0.605
0.014	0.274	0.439	0.273
0.209	0.417	0.214	0.160
>CMGGAAGTGSCB	12-CMGGAAGTGSCB	5.323561	-716.378585	0	T:9169.0(15.26%),B:6099.7(10.29%),P:1e-311	Tpos:100.3,Tstd:53.2,Bpos:96.9,Bstd:58.9,StrandBias:-0.0,Multiplicity:1.12
0.026	0.778	0.195	0.001
0.492	0.491	0.016	0.001
0.001	0.001	0.997	0.001
0.001	0.001	0.997	0.001
0.997	0.001	0.001	0.001
0.997	0.001	0.001	0.001
0.245	0.001	0.753	0.001
0.001	0.027	0.001	0.971
0.108	0.114	0.658	0.120
0.236	0.322	0.386	0.056
0.043	0.501	0.314	0.142
0.082	0.271	0.253	0.395
>ACTACAATTCCC	13-ACTACAATTCCC	8.835773	-541.250081	0	T:863.0(1.44%),B:218.4(0.37%),P:1e-235	Tpos:102.3,Tstd:48.4,Bpos:82.0,Bstd:61.5,StrandBias:-0.1,Multiplicity:1.14
0.997	0.001	0.001	0.001
0.001	0.997	0.001	0.001
0.001	0.001	0.001	0.997
0.994	0.001	0.001	0.004
0.001	0.997	0.001	0.001
0.958	0.002	0.039	0.001
0.490	0.068	0.123	0.319
0.047	0.172	0.090	0.691
0.002	0.034	0.010	0.954
0.001	0.994	0.001	0.004
0.001	0.997	0.001	0.001
0.001	0.997	0.001	0.001
>TTGCTTGCTGCT	14-TTGCTTGCTGCT	-3.032115	-538.191487	0	T:22991.0(38.25%),B:18943.0(31.94%),P:1e-233	Tpos:99.5,Tstd:54.7,Bpos:100.8,Bstd:62.1,StrandBias:0.0,Multiplicity:1.23
0.001	0.263	0.001	0.735
0.001	0.001	0.001	0.997
0.001	0.001	0.997	0.001
0.001	0.658	0.001	0.340
0.001	0.001	0.001	0.997
0.001	0.021	0.021	0.957
0.001	0.027	0.971	0.001
0.001	0.997	0.001	0.001
0.001	0.001	0.001	0.997
0.001	0.001	0.997	0.001
0.001	0.673	0.325	0.001
0.001	0.329	0.001	0.669
>GCGCATGCGCAG	15-GCGCATGCGCAG	8.982896	-480.647644	0	T:2562.0(4.26%),B:1296.1(2.19%),P:1e-208	Tpos:99.7,Tstd:48.4,Bpos:87.8,Bstd:60.7,StrandBias:-0.0,Multiplicity:1.21
0.155	0.011	0.820	0.014
0.047	0.880	0.062	0.011
0.016	0.017	0.946	0.021
0.014	0.953	0.025	0.008
0.737	0.144	0.068	0.051
0.061	0.046	0.150	0.743
0.013	0.015	0.961	0.011
0.003	0.961	0.012	0.024
0.012	0.064	0.868	0.056
0.005	0.915	0.016	0.064
0.682	0.131	0.118	0.069
0.172	0.215	0.535	0.078
>ATTCCATTCGAT	16-ATTCCATTCGAT	4.034759	-428.262392	0	T:26463.0(44.03%),B:22659.7(38.21%),P:1e-185	Tpos:100.7,Tstd:56.4,Bpos:99.4,Bstd:60.9,StrandBias:-0.0,Multiplicity:1.45
0.662	0.097	0.087	0.154
0.094	0.100	0.091	0.715
0.074	0.089	0.103	0.734
0.095	0.640	0.167	0.098
0.088	0.776	0.058	0.078
0.695	0.120	0.059	0.126
0.114	0.094	0.102	0.690
0.084	0.099	0.103	0.714
0.122	0.534	0.163	0.181
0.153	0.145	0.584	0.118
0.639	0.131	0.108	0.122
0.170	0.107	0.110	0.613
>CTTTGTTTACAC	17-CTTTGTTTACAC	10.682696	-401.064825	0	T:160.0(0.27%),B:5.4(0.01%),P:1e-174	Tpos:105.5,Tstd:43.0,Bpos:76.6,Bstd:69.3,StrandBias:0.2,Multiplicity:1.00
0.001	0.997	0.001	0.001
0.001	0.001	0.001	0.997
0.001	0.001	0.001	0.997
0.001	0.001	0.001	0.997
0.001	0.001	0.997	0.001
0.001	0.001	0.001	0.997
0.001	0.001	0.001	0.997
0.006	0.001	0.001	0.992
0.985	0.001	0.007	0.007
0.001	0.975	0.003	0.021
0.997	0.001	0.001	0.001
0.001	0.908	0.001	0.090
>GGTCTAGCAGTA	18-GGTCTAGCAGTA	11.167633	-384.855048	0	T:146.0(0.24%),B:4.2(0.01%),P:1e-167	Tpos:99.2,Tstd:45.5,Bpos:140.2,Bstd:34.9,StrandBias:-0.2,Multiplicity:1.36
0.090	0.001	0.894	0.015
0.001	0.001	0.983	0.015
0.015	0.010	0.104	0.871
0.090	0.804	0.001	0.105
0.014	0.001	0.001	0.984
0.967	0.001	0.016	0.016
0.001	0.106	0.804	0.089
0.016	0.742	0.001	0.241
0.731	0.015	0.253	0.001
0.001	0.089	0.909	0.001
0.001	0.001	0.180	0.818
0.895	0.001	0.101	0.003
>YKCCATGGCAAC	19-YKCCATGGCAAC	8.699545	-330.273168	0	T:1686.0(2.81%),B:837.7(1.41%),P:1e-143	Tpos:101.0,Tstd:50.0,Bpos:95.3,Bstd:60.1,StrandBias:0.1,Multiplicity:1.03
0.002	0.467	0.041	0.489
0.021	0.089	0.413	0.477
0.001	0.792	0.129	0.078
0.001	0.985	0.001	0.013
0.520	0.191	0.059	0.230
0.119	0.001	0.018	0.862
0.114	0.001	0.884	0.001
0.016	0.026	0.957	0.001
0.128	0.746	0.001	0.125
0.860	0.001	0.138	0.001
0.997	0.001	0.001	0.001
0.001	0.997	0.001	0.001
>GDVGTGACGTCA	20-GDVGTGACGTCA	6.400061	-312.554678	0	T:1054.0(1.75%),B:435.7(0.73%),P:1e-135	Tpos:99.2,Tstd:46.1,Bpos:90.5,Bstd:54.9,StrandBias:-0.0,Multiplicity:1.03
0.102	0.041	0.688	0.169
0.343	0.171	0.194	0.292
0.383	0.332	0.285	0.001
0.057	0.058	0.884	0.001
0.001	0.001	0.001	0.997
0.001	0.001	0.997	0.001
0.997	0.001	0.001	0.001
0.001	0.997	0.001	0.001
0.001	0.001	0.997	0.001
0.001	0.060	0.001	0.938
0.001	0.997	0.001	0.001
0.997	0.001	0.001	0.001
>ACCATGGACAGC	21-ACCATGGACAGC	11.565103	-284.358043	0	T:295.0(0.49%),B:49.6(0.08%),P:1e-123	Tpos:100.7,Tstd:32.3,Bpos:105.4,Bstd:56.1,StrandBias:0.1,Multiplicity:1.04
0.995	0.001	0.001	0.003
0.001	0.991	0.007	0.001
0.001	0.997	0.001	0.001
0.807	0.053	0.063	0.077
0.139	0.176	0.064	0.621
0.001	0.001	0.997	0.001
0.001	0.001	0.997	0.001
0.983	0.015	0.001	0.001
0.001	0.927	0.055	0.017
0.994	0.001	0.001	0.004
0.001	0.004	0.994	0.001
0.095	0.847	0.041	0.017
>GCTTGAGTARGC	22-GCTTGAGTARGC	11.935157	-269.283178	0	T:79.0(0.13%),B:1.5(0.00%),P:1e-116	Tpos:99.8,Tstd:45.2,Bpos:53.0,Bstd:0.0,StrandBias:-0.2,Multiplicity:1.00
0.076	0.001	0.847	0.076
0.001	0.781	0.136	0.082
0.076	0.331	0.095	0.498
0.001	0.001	0.001	0.997
0.076	0.028	0.820	0.076
0.997	0.001	0.001	0.001
0.076	0.014	0.834	0.076
0.001	0.001	0.001	0.997
0.844	0.001	0.079	0.076
0.545	0.001	0.453	0.001
0.075	0.001	0.923	0.001
0.001	0.997	0.001	0.001
>CCGTCACGTGAC	23-CCGTCACGTGAC	9.004059	-266.491669	0	T:755.0(1.26%),B:285.0(0.48%),P:1e-115	Tpos:101.9,Tstd:47.8,Bpos:89.8,Bstd:54.4,StrandBias:-0.0,Multiplicity:1.08
0.046	0.654	0.249	0.051
0.076	0.513	0.275	0.136
0.107	0.141	0.706	0.046
0.012	0.130	0.102	0.756
0.009	0.977	0.003	0.011
0.950	0.017	0.019	0.014
0.013	0.884	0.057	0.046
0.041	0.054	0.896	0.009
0.008	0.017	0.019	0.956
0.008	0.013	0.973	0.006
0.835	0.058	0.095	0.012
0.010	0.903	0.063	0.024
>TKYTDATGTTAA	24-TKYTDATGTTAA	9.816659	-214.702069	0	T:125.0(0.21%),B:9.1(0.02%),P:1e-93	Tpos:98.5,Tstd:53.0,Bpos:161.4,Bstd:28.8,StrandBias:0.3,Multiplicity:1.00
0.099	0.004	0.185	0.712
0.011	0.213	0.357	0.419
0.035	0.356	0.220	0.390
0.248	0.175	0.019	0.558
0.228	0.182	0.353	0.237
0.506	0.036	0.205	0.253
0.194	0.247	0.008	0.551
0.006	0.269	0.693	0.032
0.117	0.011	0.037	0.835
0.017	0.244	0.061	0.678
0.870	0.013	0.104	0.013
0.972	0.013	0.013	0.002
>CAGCTMAGCAAG	25-CAGCTMAGCAAG	11.149601	-163.904237	0	T:105.0(0.17%),B:9.9(0.02%),P:1e-71	Tpos:92.7,Tstd:59.3,Bpos:100.2,Bstd:71.2,StrandBias:-0.4,Multiplicity:1.00
0.001	0.997	0.001	0.001
0.997	0.001	0.001	0.001
0.001	0.001	0.997	0.001
0.001	0.997	0.001	0.001
0.001	0.001	0.001	0.997
0.567	0.431	0.001	0.001
0.997	0.001	0.001	0.001
0.001	0.001	0.997	0.001
0.001	0.988	0.001	0.010
0.997	0.001	0.001	0.001
0.997	0.001	0.001	0.001
0.001	0.001	0.988	0.010
>CGCCCCCT	1-CGCCCCCT	7.322091	-6069.018680	0	T:17680.0(29.42%),B:7383.9(12.45%),P:1e-2635	Tpos:100.2,Tstd:44.4,Bpos:97.7,Bstd:60.5,StrandBias:0.0,Multiplicity:1.14
0.019	0.655	0.042	0.284
0.028	0.048	0.753	0.171
0.007	0.975	0.017	0.001
0.013	0.951	0.035	0.001
0.294	0.674	0.006	0.026
0.058	0.690	0.001	0.251
0.054	0.811	0.018	0.117
0.067	0.004	0.001	0.928
>ATGACTCA	2-ATGACTCA	8.673471	-2365.999219	0	T:4548.0(7.57%),B:1354.9(2.28%),P:1e-1027	Tpos:100.2,Tstd:49.3,Bpos:99.1,Bstd:59.5,StrandBias:-0.0,Multiplicity:1.09
0.618	0.130	0.242	0.010
0.001	0.001	0.001	0.997
0.001	0.001	0.993	0.005
0.997	0.001	0.001	0.001
0.014	0.726	0.248	0.012
0.001	0.001	0.009	0.989
0.024	0.974	0.001	0.001
0.994	0.001	0.004	0.001
>CCAGCAGG	3-CCAGCAGG	7.576824	-2182.713175	0	T:11989.0(19.95%),B:6376.4(10.75%),P:1e-947	Tpos:98.9,Tstd:49.3,Bpos:99.7,Bstd:61.4,StrandBias:-0.0,Multiplicity:1.09
0.164	0.581	0.001	0.254
0.001	0.997	0.001	0.001
0.934	0.001	0.001	0.064
0.001	0.102	0.896	0.001
0.001	0.997	0.001	0.001
0.997	0.001	0.001	0.001
0.001	0.001	0.997	0.001
0.093	0.001	0.905	0.001
>ATTTGCAT	4-ATTTGCAT	6.616166	-2101.163066	0	T:6404.0(10.66%),B:2566.7(4.33%),P:1e-912	Tpos:101.1,Tstd:54.2,Bpos:100.8,Bstd:63.2,StrandBias:0.0,Multiplicity:1.15
0.890	0.030	0.063	0.017
0.008	0.007	0.007	0.978
0.012	0.106	0.001	0.881
0.101	0.004	0.001	0.894
0.167	0.001	0.831	0.001
0.028	0.970	0.001	0.001
0.993	0.001	0.005	0.001
0.069	0.001	0.015	0.915
>CNATTGGC	5-CNATTGGC	3.854376	-2086.766825	0	T:31196.0(51.91%),B:23064.5(38.89%),P:1e-906	Tpos:99.9,Tstd:53.7,Bpos:98.8,Bstd:61.4,StrandBias:0.0,Multiplicity:1.45
0.032	0.689	0.105	0.174
0.214	0.211	0.354	0.221
0.714	0.042	0.119	0.125
0.216	0.080	0.122	0.582
0.115	0.071	0.048	0.766
0.096	0.089	0.720	0.095
0.132	0.102	0.612	0.154
0.157	0.563	0.105	0.175
>CCCTCTAG	6-CCCTCTAG	6.939604	-1796.091634	0	T:8668.0(14.42%),B:4328.7(7.30%),P:1e-780	Tpos:98.8,Tstd:51.0,Bpos:100.0,Bstd:59.7,StrandBias:0.1,Multiplicity:1.04
0.021	0.900	0.069	0.010
0.001	0.888	0.046	0.065
0.227	0.771	0.001	0.001
0.059	0.045	0.017	0.879
0.001	0.977	0.021	0.001
0.001	0.029	0.001	0.969
0.795	0.001	0.173	0.031
0.001	0.001	0.991	0.007
>TRCATTCC	7-TRCATTCC	7.032529	-1785.198170	0	T:8232.0(13.70%),B:4030.0(6.80%),P:1e-775	Tpos:100.6,Tstd:51.5,Bpos:100.2,Bstd:62.4,StrandBias:0.0,Multiplicity:1.14
0.165	0.179	0.229	0.428
0.439	0.084	0.444	0.032
0.291	0.627	0.081	0.001
0.942	0.031	0.026	0.001
0.037	0.025	0.008	0.930
0.059	0.012	0.017	0.912
0.066	0.856	0.018	0.060
0.001	0.864	0.047	0.088
>GGCGGGGC	8-GGCGGGGC	5.739637	-1215.184389	0	T:18382.0(30.59%),B:13010.0(21.94%),P:1e-527	Tpos:100.0,Tstd:52.9,Bpos:94.8,Bstd:59.9,StrandBias:0.0,Multiplicity:1.55
0.001	0.001	0.997	0.001
0.001	0.001	0.997	0.001
0.122	0.811	0.001	0.066
0.001	0.001	0.997	0.001
0.001	0.001	0.908	0.090
0.071	0.001	0.927	0.001
0.049	0.001	0.924	0.026
0.001	0.941	0.001	0.057
>GCATTTCC	9-GCATTTCC	5.242026	-1184.953019	0	T:18966.0(31.56%),B:13585.0(22.91%),P:1e-514	Tpos:99.4,Tstd:55.3,Bpos:100.3,Bstd:63.5,StrandBias:0.0,Multiplicity:1.10
0.107	0.004	0.829	0.060
0.124	0.726	0.032	0.118
0.756	0.078	0.087	0.079
0.148	0.121	0.084	0.647
0.127	0.035	0.019	0.819
0.103	0.058	0.050	0.789
0.046	0.752	0.190	0.012
0.187	0.683	0.042	0.088
>GTTACTTC	10-GTTACTTC	3.665172	-1170.036704	0	T:23879.0(39.73%),B:18056.3(30.45%),P:1e-508	Tpos:100.5,Tstd:56.3,Bpos:99.2,Bstd:59.9,StrandBias:-0.0,Multiplicity:1.39
0.003	0.002	0.902	0.093
0.001	0.001	0.001	0.997
0.290	0.061	0.098	0.551
0.997	0.001	0.001	0.001
0.088	0.910	0.001	0.001
0.001	0.001	0.409	0.589
0.001	0.222	0.220	0.557
0.240	0.608	0.151	0.001
>GCATTGTT	11-GCATTGTT	5.617005	-1114.463561	0	T:15962.0(26.56%),B:11095.5(18.71%),P:1e-484	Tpos:100.0,Tstd:56.2,Bpos:100.5,Bstd:63.0,StrandBias:-0.0,Multiplicity:1.13
0.094	0.112	0.655	0.139
0.080	0.852	0.021	0.047
0.568	0.052	0.069	0.311
0.021	0.022	0.088	0.869
0.047	0.023	0.070	0.860
0.009	0.236	0.705	0.050
0.025	0.122	0.028	0.825
0.091	0.146	0.095	0.668
>CCTTTCAR	12-CCTTTCAR	5.041888	-907.126387	0	T:22095.0(36.76%),B:17037.7(28.73%),P:1e-393	Tpos:100.5,Tstd:58.8,Bpos:99.7,Bstd:62.1,StrandBias:0.0,Multiplicity:1.14
0.001	0.567	0.282	0.150
0.334	0.543	0.001	0.122
0.127	0.001	0.001	0.871
0.112	0.001	0.068	0.819
0.096	0.001	0.084	0.819
0.274	0.675	0.001	0.050
0.611	0.001	0.387	0.001
0.468	0.065	0.385	0.082
>TAAAMRGC	13-TAAAMRGC	4.210006	-892.396644	0	T:27247.0(45.34%),B:21901.7(36.93%),P:1e-387	Tpos:100.7,Tstd:57.1,Bpos:100.6,Bstd:62.9,StrandBias:-0.0,Multiplicity:1.34
0.259	0.075	0.177	0.489
0.516	0.183	0.086	0.215
0.689	0.048	0.172	0.091
0.563	0.228	0.111	0.098
0.332	0.434	0.129	0.106
0.435	0.102	0.317	0.146
0.119	0.104	0.762	0.015
0.110	0.699	0.120	0.071
>GGGAGGAG	14-GGGAGGAG	8.825508	-886.363655	0	T:13264.0(22.07%),B:9220.9(15.55%),P:1e-384	Tpos:99.9,Tstd:55.1,Bpos:97.7,Bstd:59.0,StrandBias:-0.0,Multiplicity:1.17
0.001	0.001	0.997	0.001
0.001	0.001	0.997	0.001
0.001	0.001	0.997	0.001
0.669	0.133	0.001	0.197
0.001	0.001	0.997	0.001
0.001	0.001	0.997	0.001
0.795	0.001	0.203	0.001
0.001	0.001	0.997	0.001
>GCATAACA	15-GCATAACA	6.020594	-829.282431	0	T:7081.0(11.78%),B:4238.3(7.15%),P:1e-360	Tpos:98.8,Tstd:55.5,Bpos:100.3,Bstd:63.2,StrandBias:0.0,Multiplicity:1.04
0.040	0.042	0.895	0.023
0.221	0.668	0.048	0.063
0.696	0.108	0.056	0.140
0.104	0.027	0.001	0.868
0.532	0.135	0.121	0.212
0.677	0.060	0.120	0.143
0.030	0.933	0.024	0.013
0.733	0.092	0.040	0.135
>TGCTGRCT	16-TGCTGRCT	5.587900	-815.322186	0	T:16388.0(27.27%),B:12098.1(20.40%),P:1e-354	Tpos:99.4,Tstd:56.0,Bpos:100.4,Bstd:63.8,StrandBias:0.0,Multiplicity:1.14
0.252	0.087	0.015	0.646
0.304	0.001	0.585	0.110
0.115	0.883	0.001	0.001
0.252	0.151	0.001	0.596
0.012	0.001	0.633	0.354
0.429	0.075	0.464	0.032
0.222	0.592	0.064	0.122
0.264	0.106	0.001	0.629
>YWWSCGSW	17-YWWSCGSW	3.340212	-730.790838	0	T:12276.0(20.43%),B:8693.4(14.66%),P:1e-317	Tpos:99.9,Tstd:53.3,Bpos:98.2,Bstd:63.5,StrandBias:-0.0,Multiplicity:1.21
0.001	0.473	0.001	0.525
0.431	0.001	0.001	0.567
0.552	0.001	0.001	0.446
0.001	0.432	0.566	0.001
0.001	0.997	0.001	0.001
0.001	0.001	0.997	0.001
0.001	0.439	0.559	0.001
0.552	0.015	0.001	0.432
>GCTCCCTC	18-GCTCCCTC	7.729162	-700.239930	0	T:5437.0(9.05%),B:3149.1(5.31%),P:1e-304	Tpos:99.9,Tstd:53.1,Bpos:101.2,Bstd:61.3,StrandBias:0.0,Multiplicity:1.05
0.001	0.001	0.997	0.001
0.050	0.948	0.001	0.001
0.001	0.001	0.139	0.859
0.001	0.997	0.001	0.001
0.001	0.997	0.001	0.001
0.001	0.997	0.001	0.001
0.001	0.001	0.001	0.997
0.001	0.820	0.001	0.178
>TCCTTTGT	19-TCCTTTGT	8.250267	-610.105305	0	T:4117.0(6.85%),B:2273.7(3.83%),P:1e-264	Tpos:100.5,Tstd:56.3,Bpos:98.7,Bstd:59.9,StrandBias:0.0,Multiplicity:1.03
0.239	0.241	0.001	0.519
0.001	0.627	0.001	0.371
0.001	0.610	0.001	0.388
0.249	0.001	0.001	0.749
0.001	0.001	0.001	0.997
0.001	0.001	0.001	0.997
0.137	0.001	0.861	0.001
0.001	0.001	0.001	0.997
>ACACAAGG	20-ACACAAGG	7.669965	-546.836982	0	T:3737.0(6.22%),B:2070.0(3.49%),P:1e-237	Tpos:97.9,Tstd:55.5,Bpos:100.2,Bstd:59.8,StrandBias:-0.0,Multiplicity:1.02
0.576	0.346	0.001	0.077
0.040	0.958	0.001	0.001
0.954	0.001	0.044	0.001
0.414	0.581	0.001	0.004
0.847	0.001	0.116	0.036
0.778	0.025	0.001	0.196
0.188	0.001	0.673	0.138
0.121	0.001	0.863	0.015
>GAATCAGC	21-GAATCAGC	7.180766	-407.949260	0	T:3723.0(6.19%),B:2245.5(3.79%),P:1e-177	Tpos:100.2,Tstd:56.9,Bpos:97.1,Bstd:62.8,StrandBias:-0.0,Multiplicity:1.04
0.001	0.083	0.915	0.001
0.952	0.030	0.017	0.001
0.907	0.001	0.021	0.071
0.001	0.001	0.001	0.997
0.028	0.892	0.079	0.001
0.776	0.049	0.001	0.174
0.111	0.152	0.593	0.144
0.016	0.982	0.001	0.001
>ATTCCATT	22-ATTCCATT	4.345134	-315.227194	0	T:40514.0(67.41%),B:37082.6(62.53%),P:1e-136	Tpos:100.2,Tstd:59.0,Bpos:99.5,Bstd:61.5,StrandBias:0.0,Multiplicity:1.87
0.700	0.100	0.100	0.100
0.100	0.100	0.100	0.700
0.100	0.100	0.100	0.700
0.100	0.700	0.100	0.100
0.100	0.700	0.100	0.100
0.700	0.100	0.100	0.100
0.100	0.100	0.100	0.700
0.100	0.100	0.100	0.700
>RAGGCAAC	23-RAGGCAAC	6.294591	-288.236947	0	T:4859.0(8.08%),B:3378.2(5.70%),P:1e-125	Tpos:98.8,Tstd:53.9,Bpos:99.1,Bstd:63.6,StrandBias:-0.1,Multiplicity:1.06
0.529	0.047	0.422	0.002
0.575	0.001	0.001	0.423
0.422	0.001	0.576	0.001
0.001	0.001	0.997	0.001
0.001	0.997	0.001	0.001
0.997	0.001	0.001	0.001
0.997	0.001	0.001	0.001
0.001	0.997	0.001	0.001
>CGCAKGCG	24-CGCAKGCG	8.704862	-225.984205	0	T:2642.0(4.40%),B:1692.4(2.85%),P:1e-98	Tpos:99.9,Tstd:50.8,Bpos:94.6,Bstd:65.9,StrandBias:0.0,Multiplicity:1.15
0.001	0.997	0.001	0.001
0.001	0.001	0.997	0.001
0.001	0.997	0.001	0.001
0.997	0.001	0.001	0.001
0.001	0.094	0.523	0.382
0.001	0.001	0.997	0.001
0.001	0.997	0.001	0.001
0.001	0.001	0.997	0.001
>GGAATTGT	25-GGAATTGT	6.949386	-221.739249	0	T:3155.0(5.25%),B:2113.2(3.56%),P:1e-96	Tpos:103.4,Tstd:54.1,Bpos:98.4,Bstd:61.7,StrandBias:0.1,Multiplicity:1.03
0.020	0.036	0.868	0.076
0.045	0.040	0.842	0.073
0.736	0.089	0.075	0.100
0.638	0.059	0.126	0.177
0.051	0.041	0.097	0.811
0.062	0.094	0.042	0.802
0.060	0.141	0.737	0.062
0.037	0.070	0.068	0.825
