>GCCCCCTRGTGG	1-GCCCCCTRGTGG	8.186079	-18874.188829	0	T:12811.0(21.32%),B:1298.4(2.19%),P:1e-8196	Tpos:100.4,Tstd:33.4,Bpos:97.6,Bstd:59.1,StrandBias:-0.0,Multiplicity:1.03
0.060	0.016	0.835	0.089
0.038	0.937	0.014	0.011
0.004	0.989	0.001	0.006
0.346	0.609	0.012	0.033
0.008	0.654	0.001	0.337
0.001	0.996	0.001	0.002
0.030	0.037	0.005	0.928
0.456	0.042	0.379	0.123
0.016	0.130	0.835	0.019
0.075	0.039	0.036	0.850
0.001	0.001	0.996	0.002
0.025	0.027	0.913	0.035
>KGCCAGCAGGGG	2-KGCCAGCAGGGG	6.066260	-6176.660503	0	T:20887.0(34.75%),B:9576.8(16.15%),P:1e-2682	Tpos:100.1,Tstd:50.7,Bpos:100.5,Bstd:58.5,StrandBias:0.0,Multiplicity:1.12
0.165	0.184	0.368	0.283
0.133	0.313	0.544	0.010
0.005	0.856	0.001	0.138
0.001	0.997	0.001	0.001
0.706	0.001	0.101	0.192
0.001	0.422	0.576	0.001
0.134	0.722	0.001	0.143
0.853	0.001	0.129	0.017
0.001	0.001	0.997	0.001
0.180	0.001	0.818	0.001
0.296	0.001	0.530	0.173
0.001	0.001	0.997	0.001
>AYAGCGCCCCCT	3-AYAGCGCCCCCT	8.323418	-3925.363605	0	T:5917.0(9.85%),B:1465.1(2.47%),P:1e-1704	Tpos:101.6,Tstd:43.4,Bpos:98.4,Bstd:59.8,StrandBias:-0.0,Multiplicity:1.03
0.628	0.148	0.142	0.082
0.089	0.273	0.239	0.399
0.705	0.040	0.194	0.061
0.032	0.088	0.858	0.022
0.056	0.814	0.045	0.085
0.096	0.072	0.638	0.194
0.038	0.887	0.039	0.036
0.033	0.881	0.037	0.049
0.147	0.693	0.060	0.100
0.025	0.750	0.027	0.198
0.021	0.922	0.017	0.040
0.068	0.059	0.048	0.825
>NRVTGASTCABC	4-NRVTGASTCABC	7.201714	-2559.518654	0	T:4427.0(7.37%),B:1216.7(2.05%),P:1e-1111	Tpos:100.3,Tstd:47.9,Bpos:99.6,Bstd:57.2,StrandBias:0.0,Multiplicity:1.09
0.237	0.243	0.233	0.287
0.252	0.182	0.399	0.167
0.251	0.346	0.384	0.019
0.001	0.001	0.001	0.997
0.001	0.001	0.988	0.010
0.980	0.004	0.013	0.003
0.032	0.507	0.445	0.016
0.009	0.001	0.001	0.989
0.008	0.984	0.001	0.007
0.981	0.009	0.002	0.008
0.029	0.353	0.295	0.323
0.237	0.395	0.163	0.205
>TTGTTATGCAAA	5-TTGTTATGCAAA	8.071161	-2434.186542	0	T:3816.0(6.35%),B:964.7(1.63%),P:1e-1057	Tpos:101.3,Tstd:53.3,Bpos:103.2,Bstd:62.6,StrandBias:-0.1,Multiplicity:1.04
0.028	0.030	0.031	0.911
0.143	0.002	0.055	0.800
0.055	0.194	0.680	0.071
0.250	0.040	0.018	0.692
0.093	0.261	0.203	0.443
0.741	0.020	0.015	0.224
0.048	0.004	0.033	0.915
0.024	0.037	0.733	0.206
0.042	0.719	0.039	0.200
0.796	0.007	0.001	0.196
0.707	0.058	0.163	0.072
0.896	0.037	0.063	0.004
>GGGCGGGGCCDN	6-GGGCGGGGCCDN	8.254897	-2077.245865	0	T:12624.0(21.00%),B:6969.9(11.75%),P:1e-902	Tpos:100.0,Tstd:51.3,Bpos:90.9,Bstd:58.6,StrandBias:0.1,Multiplicity:1.53
0.089	0.001	0.909	0.001
0.001	0.001	0.997	0.001
0.001	0.001	0.997	0.001
0.200	0.683	0.001	0.116
0.001	0.001	0.997	0.001
0.001	0.001	0.826	0.172
0.280	0.001	0.659	0.060
0.109	0.001	0.838	0.052
0.104	0.709	0.001	0.186
0.076	0.498	0.181	0.246
0.318	0.151	0.243	0.288
0.232	0.220	0.325	0.223
>GCCMYCTAGTGY	7-GCCMYCTAGTGY	9.349689	-2064.393540	0	T:3192.0(5.31%),B:794.5(1.34%),P:1e-896	Tpos:99.6,Tstd:47.5,Bpos:96.7,Bstd:59.6,StrandBias:-0.1,Multiplicity:1.00
0.161	0.001	0.520	0.318
0.160	0.838	0.001	0.001
0.001	0.997	0.001	0.001
0.435	0.563	0.001	0.001
0.001	0.451	0.001	0.547
0.001	0.997	0.001	0.001
0.001	0.001	0.001	0.997
0.619	0.001	0.261	0.119
0.001	0.288	0.608	0.103
0.171	0.230	0.203	0.396
0.004	0.001	0.994	0.001
0.224	0.413	0.001	0.362
>NYBBTGGAATKY	8-NYBBTGGAATKY	3.984570	-1817.350219	0	T:7573.0(12.60%),B:3543.5(5.98%),P:1e-789	Tpos:100.7,Tstd:51.2,Bpos:100.1,Bstd:60.6,StrandBias:-0.0,Multiplicity:1.08
0.275	0.255	0.178	0.293
0.200	0.277	0.164	0.359
0.156	0.228	0.291	0.325
0.087	0.305	0.353	0.255
0.381	0.001	0.001	0.617
0.001	0.001	0.997	0.001
0.001	0.001	0.997	0.001
0.997	0.001	0.001	0.001
0.997	0.001	0.001	0.001
0.001	0.001	0.001	0.997
0.001	0.001	0.461	0.537
0.001	0.502	0.001	0.496
>CTVATTWGCATA	9-CTVATTWGCATA	6.766257	-1258.042566	0	T:6109.0(10.16%),B:3023.1(5.10%),P:1e-546	Tpos:99.5,Tstd:55.5,Bpos:100.1,Bstd:61.4,StrandBias:0.1,Multiplicity:1.07
0.048	0.579	0.189	0.184
0.170	0.162	0.015	0.653
0.319	0.307	0.250	0.124
0.844	0.101	0.021	0.034
0.022	0.026	0.022	0.930
0.009	0.095	0.023	0.873
0.544	0.014	0.013	0.429
0.224	0.056	0.697	0.023
0.015	0.955	0.029	0.001
0.908	0.042	0.001	0.049
0.251	0.067	0.174	0.508
0.481	0.132	0.244	0.143
>RGCCAATSRGRR	10-RGCCAATSRGRR	5.224089	-1060.910029	0	T:4472.0(7.44%),B:2073.7(3.50%),P:1e-460	Tpos:99.8,Tstd:48.9,Bpos:85.7,Bstd:61.2,StrandBias:0.0,Multiplicity:1.15
0.486	0.106	0.407	0.001
0.206	0.071	0.722	0.001
0.001	0.997	0.001	0.001
0.001	0.997	0.001	0.001
0.997	0.001	0.001	0.001
0.997	0.001	0.001	0.001
0.001	0.001	0.001	0.997
0.055	0.476	0.469	0.001
0.511	0.050	0.438	0.001
0.001	0.300	0.698	0.001
0.424	0.192	0.383	0.001
0.401	0.001	0.491	0.107
>CCTTTGTBHTGC	11-CCTTTGTBHTGC	7.671073	-1023.729828	0	T:6388.0(10.63%),B:3466.0(5.84%),P:1e-444	Tpos:99.0,Tstd:54.9,Bpos:101.8,Bstd:57.7,StrandBias:-0.0,Multiplicity:1.06
0.001	0.707	0.112	0.180
0.001	0.634	0.001	0.364
0.091	0.001	0.001	0.907
0.002	0.260	0.012	0.726
0.002	0.001	0.025	0.972
0.034	0.058	0.906	0.002
0.067	0.016	0.001	0.916
0.087	0.349	0.290	0.274
0.371	0.292	0.026	0.311
0.137	0.050	0.208	0.605
0.014	0.274	0.439	0.273
0.209	0.417	0.214	0.160
>CMGGAAGTGSCB	12-CMGGAAGTGSCB	5.323561	-716.378585	0	T:9169.0(15.26%),B:6099.7(10.29%),P:1e-311	Tpos:100.3,Tstd:53.2,Bpos:96.9,Bstd:58.9,StrandBias:-0.0,Multiplicity:1.12
0.026	0.778	0.195	0.001
0.492	0.491	0.016	0.001
0.001	0.001	0.997	0.001
0.001	0.001	0.997	0.001
0.997	0.001	0.001	0.001
0.997	0.001	0.001	0.001
0.245	0.001	0.753	0.001
0.001	0.027	0.001	0.971
0.108	0.114	0.658	0.120
0.236	0.322	0.386	0.056
0.043	0.501	0.314	0.142
0.082	0.271	0.253	0.395
>ACTACAATTCCC	13-ACTACAATTCCC	8.835773	-541.250081	0	T:863.0(1.44%),B:218.4(0.37%),P:1e-235	Tpos:102.3,Tstd:48.4,Bpos:82.0,Bstd:61.5,StrandBias:-0.1,Multiplicity:1.14
0.997	0.001	0.001	0.001
0.001	0.997	0.001	0.001
0.001	0.001	0.001	0.997
0.994	0.001	0.001	0.004
0.001	0.997	0.001	0.001
0.958	0.002	0.039	0.001
0.490	0.068	0.123	0.319
0.047	0.172	0.090	0.691
0.002	0.034	0.010	0.954
0.001	0.994	0.001	0.004
0.001	0.997	0.001	0.001
0.001	0.997	0.001	0.001
>TTGCTTGCTGCT	14-TTGCTTGCTGCT	-3.032115	-538.191487	0	T:22991.0(38.25%),B:18943.0(31.94%),P:1e-233	Tpos:99.5,Tstd:54.7,Bpos:100.8,Bstd:62.1,StrandBias:0.0,Multiplicity:1.23
0.001	0.263	0.001	0.735
0.001	0.001	0.001	0.997
0.001	0.001	0.997	0.001
0.001	0.658	0.001	0.340
0.001	0.001	0.001	0.997
0.001	0.021	0.021	0.957
0.001	0.027	0.971	0.001
0.001	0.997	0.001	0.001
0.001	0.001	0.001	0.997
0.001	0.001	0.997	0.001
0.001	0.673	0.325	0.001
0.001	0.329	0.001	0.669
>GCGCATGCGCAG	15-GCGCATGCGCAG	8.982896	-480.647644	0	T:2562.0(4.26%),B:1296.1(2.19%),P:1e-208	Tpos:99.7,Tstd:48.4,Bpos:87.8,Bstd:60.7,StrandBias:-0.0,Multiplicity:1.21
0.155	0.011	0.820	0.014
0.047	0.880	0.062	0.011
0.016	0.017	0.946	0.021
0.014	0.953	0.025	0.008
0.737	0.144	0.068	0.051
0.061	0.046	0.150	0.743
0.013	0.015	0.961	0.011
0.003	0.961	0.012	0.024
0.012	0.064	0.868	0.056
0.005	0.915	0.016	0.064
0.682	0.131	0.118	0.069
0.172	0.215	0.535	0.078
>ATTCCATTCGAT	16-ATTCCATTCGAT	4.034759	-428.262392	0	T:26463.0(44.03%),B:22659.7(38.21%),P:1e-185	Tpos:100.7,Tstd:56.4,Bpos:99.4,Bstd:60.9,StrandBias:-0.0,Multiplicity:1.45
0.662	0.097	0.087	0.154
0.094	0.100	0.091	0.715
0.074	0.089	0.103	0.734
0.095	0.640	0.167	0.098
0.088	0.776	0.058	0.078
0.695	0.120	0.059	0.126
0.114	0.094	0.102	0.690
0.084	0.099	0.103	0.714
0.122	0.534	0.163	0.181
0.153	0.145	0.584	0.118
0.639	0.131	0.108	0.122
0.170	0.107	0.110	0.613
>CTTTGTTTACAC	17-CTTTGTTTACAC	10.682696	-401.064825	0	T:160.0(0.27%),B:5.4(0.01%),P:1e-174	Tpos:105.5,Tstd:43.0,Bpos:76.6,Bstd:69.3,StrandBias:0.2,Multiplicity:1.00
0.001	0.997	0.001	0.001
0.001	0.001	0.001	0.997
0.001	0.001	0.001	0.997
0.001	0.001	0.001	0.997
0.001	0.001	0.997	0.001
0.001	0.001	0.001	0.997
0.001	0.001	0.001	0.997
0.006	0.001	0.001	0.992
0.985	0.001	0.007	0.007
0.001	0.975	0.003	0.021
0.997	0.001	0.001	0.001
0.001	0.908	0.001	0.090
>GGTCTAGCAGTA	18-GGTCTAGCAGTA	11.167633	-384.855048	0	T:146.0(0.24%),B:4.2(0.01%),P:1e-167	Tpos:99.2,Tstd:45.5,Bpos:140.2,Bstd:34.9,StrandBias:-0.2,Multiplicity:1.36
0.090	0.001	0.894	0.015
0.001	0.001	0.983	0.015
0.015	0.010	0.104	0.871
0.090	0.804	0.001	0.105
0.014	0.001	0.001	0.984
0.967	0.001	0.016	0.016
0.001	0.106	0.804	0.089
0.016	0.742	0.001	0.241
0.731	0.015	0.253	0.001
0.001	0.089	0.909	0.001
0.001	0.001	0.180	0.818
0.895	0.001	0.101	0.003
>YKCCATGGCAAC	19-YKCCATGGCAAC	8.699545	-330.273168	0	T:1686.0(2.81%),B:837.7(1.41%),P:1e-143	Tpos:101.0,Tstd:50.0,Bpos:95.3,Bstd:60.1,StrandBias:0.1,Multiplicity:1.03
0.002	0.467	0.041	0.489
0.021	0.089	0.413	0.477
0.001	0.792	0.129	0.078
0.001	0.985	0.001	0.013
0.520	0.191	0.059	0.230
0.119	0.001	0.018	0.862
0.114	0.001	0.884	0.001
0.016	0.026	0.957	0.001
0.128	0.746	0.001	0.125
0.860	0.001	0.138	0.001
0.997	0.001	0.001	0.001
0.001	0.997	0.001	0.001
>GDVGTGACGTCA	20-GDVGTGACGTCA	6.400061	-312.554678	0	T:1054.0(1.75%),B:435.7(0.73%),P:1e-135	Tpos:99.2,Tstd:46.1,Bpos:90.5,Bstd:54.9,StrandBias:-0.0,Multiplicity:1.03
0.102	0.041	0.688	0.169
0.343	0.171	0.194	0.292
0.383	0.332	0.285	0.001
0.057	0.058	0.884	0.001
0.001	0.001	0.001	0.997
0.001	0.001	0.997	0.001
0.997	0.001	0.001	0.001
0.001	0.997	0.001	0.001
0.001	0.001	0.997	0.001
0.001	0.060	0.001	0.938
0.001	0.997	0.001	0.001
0.997	0.001	0.001	0.001
>ACCATGGACAGC	21-ACCATGGACAGC	11.565103	-284.358043	0	T:295.0(0.49%),B:49.6(0.08%),P:1e-123	Tpos:100.7,Tstd:32.3,Bpos:105.4,Bstd:56.1,StrandBias:0.1,Multiplicity:1.04
0.995	0.001	0.001	0.003
0.001	0.991	0.007	0.001
0.001	0.997	0.001	0.001
0.807	0.053	0.063	0.077
0.139	0.176	0.064	0.621
0.001	0.001	0.997	0.001
0.001	0.001	0.997	0.001
0.983	0.015	0.001	0.001
0.001	0.927	0.055	0.017
0.994	0.001	0.001	0.004
0.001	0.004	0.994	0.001
0.095	0.847	0.041	0.017
>GCTTGAGTARGC	22-GCTTGAGTARGC	11.935157	-269.283178	0	T:79.0(0.13%),B:1.5(0.00%),P:1e-116	Tpos:99.8,Tstd:45.2,Bpos:53.0,Bstd:0.0,StrandBias:-0.2,Multiplicity:1.00
0.076	0.001	0.847	0.076
0.001	0.781	0.136	0.082
0.076	0.331	0.095	0.498
0.001	0.001	0.001	0.997
0.076	0.028	0.820	0.076
0.997	0.001	0.001	0.001
0.076	0.014	0.834	0.076
0.001	0.001	0.001	0.997
0.844	0.001	0.079	0.076
0.545	0.001	0.453	0.001
0.075	0.001	0.923	0.001
0.001	0.997	0.001	0.001
>CCGTCACGTGAC	23-CCGTCACGTGAC	9.004059	-266.491669	0	T:755.0(1.26%),B:285.0(0.48%),P:1e-115	Tpos:101.9,Tstd:47.8,Bpos:89.8,Bstd:54.4,StrandBias:-0.0,Multiplicity:1.08
0.046	0.654	0.249	0.051
0.076	0.513	0.275	0.136
0.107	0.141	0.706	0.046
0.012	0.130	0.102	0.756
0.009	0.977	0.003	0.011
0.950	0.017	0.019	0.014
0.013	0.884	0.057	0.046
0.041	0.054	0.896	0.009
0.008	0.017	0.019	0.956
0.008	0.013	0.973	0.006
0.835	0.058	0.095	0.012
0.010	0.903	0.063	0.024
>TKYTDATGTTAA	24-TKYTDATGTTAA	9.816659	-214.702069	0	T:125.0(0.21%),B:9.1(0.02%),P:1e-93	Tpos:98.5,Tstd:53.0,Bpos:161.4,Bstd:28.8,StrandBias:0.3,Multiplicity:1.00
0.099	0.004	0.185	0.712
0.011	0.213	0.357	0.419
0.035	0.356	0.220	0.390
0.248	0.175	0.019	0.558
0.228	0.182	0.353	0.237
0.506	0.036	0.205	0.253
0.194	0.247	0.008	0.551
0.006	0.269	0.693	0.032
0.117	0.011	0.037	0.835
0.017	0.244	0.061	0.678
0.870	0.013	0.104	0.013
0.972	0.013	0.013	0.002
>CAGCTMAGCAAG	25-CAGCTMAGCAAG	11.149601	-163.904237	0	T:105.0(0.17%),B:9.9(0.02%),P:1e-71	Tpos:92.7,Tstd:59.3,Bpos:100.2,Bstd:71.2,StrandBias:-0.4,Multiplicity:1.00
0.001	0.997	0.001	0.001
0.997	0.001	0.001	0.001
0.001	0.001	0.997	0.001
0.001	0.997	0.001	0.001
0.001	0.001	0.001	0.997
0.567	0.431	0.001	0.001
0.997	0.001	0.001	0.001
0.001	0.001	0.997	0.001
0.001	0.988	0.001	0.010
0.997	0.001	0.001	0.001
0.997	0.001	0.001	0.001
0.001	0.001	0.988	0.010
