>GAATGGMRTG	1-GAATGGMRTG	7.191836	-58.571058	0	T:542.0(0.91%),B:335.3(0.56%),P:1e-25	Tpos:74.5,Tstd:40.0,Bpos:72.4,Bstd:41.4,StrandBias:0.0,Multiplicity:1.16
0.023	0.038	0.931	0.008
0.708	0.238	0.034	0.020
0.543	0.189	0.016	0.252
0.118	0.223	0.190	0.469
0.028	0.240	0.482	0.249
0.013	0.277	0.682	0.028
0.466	0.333	0.182	0.020
0.428	0.085	0.377	0.110
0.007	0.307	0.187	0.499
0.219	0.264	0.507	0.010
>TCCCGGACGG	2-TCCCGGACGG	11.541200	-55.979511	0	T:30.0(0.05%),B:2.9(0.00%),P:1e-24	Tpos:87.0,Tstd:41.5,Bpos:57.1,Bstd:14.1,StrandBias:0.2,Multiplicity:1.17
0.001	0.001	0.001	0.997
0.001	0.997	0.001	0.001
0.001	0.681	0.001	0.317
0.001	0.997	0.001	0.001
0.001	0.001	0.997	0.001
0.317	0.001	0.681	0.001
0.997	0.001	0.001	0.001
0.001	0.997	0.001	0.001
0.001	0.001	0.997	0.001
0.001	0.001	0.997	0.001
>TCTCAGACGK	3-TCTCAGACGK	11.560390	-49.562201	0	T:22.0(0.04%),B:1.4(0.00%),P:1e-21	Tpos:80.7,Tstd:39.4,Bpos:89.9,Bstd:33.3,StrandBias:0.2,Multiplicity:1.36
0.001	0.001	0.001	0.997
0.001	0.997	0.001	0.001
0.001	0.001	0.239	0.759
0.001	0.997	0.001	0.001
0.759	0.239	0.001	0.001
0.001	0.001	0.997	0.001
0.997	0.001	0.001	0.001
0.001	0.997	0.001	0.001
0.001	0.001	0.997	0.001
0.020	0.001	0.563	0.416
>CATACGACTA	4-CATACGACTA	10.488428	-47.930838	0	T:27.0(0.05%),B:2.7(0.00%),P:1e-20	Tpos:69.7,Tstd:39.0,Bpos:70.2,Bstd:36.2,StrandBias:-0.3,Multiplicity:1.00
0.001	0.876	0.001	0.122
0.823	0.001	0.175	0.001
0.001	0.001	0.001	0.997
0.876	0.001	0.122	0.001
0.063	0.935	0.001	0.001
0.043	0.192	0.764	0.001
0.813	0.185	0.001	0.001
0.001	0.876	0.001	0.122
0.122	0.001	0.001	0.876
0.876	0.122	0.001	0.001
>ACCSAGTATT	5-ACCSAGTATT	11.467386	-45.318671	0	T:26.0(0.04%),B:2.3(0.00%),P:1e-19	Tpos:74.1,Tstd:42.5,Bpos:69.8,Bstd:26.5,StrandBias:0.2,Multiplicity:1.00
0.997	0.001	0.001	0.001
0.001	0.997	0.001	0.001
0.001	0.997	0.001	0.001
0.001	0.485	0.513	0.001
0.997	0.001	0.001	0.001
0.001	0.239	0.759	0.001
0.001	0.001	0.001	0.997
0.997	0.001	0.001	0.001
0.001	0.239	0.001	0.759
0.001	0.001	0.001	0.997
>RGCGGCTGGC	6-RGCGGCTGGC	6.775553	-44.771576	0	T:127.0(0.21%),B:50.3(0.08%),P:1e-19	Tpos:76.1,Tstd:41.8,Bpos:72.4,Bstd:36.6,StrandBias:-0.2,Multiplicity:1.13
0.370	0.184	0.382	0.064
0.270	0.054	0.546	0.130
0.018	0.661	0.302	0.019
0.014	0.394	0.569	0.023
0.108	0.111	0.552	0.229
0.104	0.616	0.030	0.250
0.028	0.162	0.138	0.672
0.144	0.237	0.428	0.192
0.159	0.211	0.414	0.216
0.073	0.532	0.197	0.198
>GAGTATAAAC	7-GAGTATAAAC	10.296193	-40.208391	0	T:24.0(0.04%),B:3.0(0.01%),P:1e-17	Tpos:77.4,Tstd:40.8,Bpos:69.4,Bstd:41.2,StrandBias:0.0,Multiplicity:1.00
0.100	0.100	0.700	0.100
0.700	0.100	0.100	0.100
0.100	0.100	0.700	0.100
0.100	0.100	0.100	0.700
0.700	0.100	0.100	0.100
0.100	0.100	0.100	0.700
0.700	0.100	0.100	0.100
0.700	0.100	0.100	0.100
0.700	0.100	0.100	0.100
0.100	0.700	0.100	0.100
>CKGCTTGGCA	8-CKGCTTGGCA	12.911054	-37.760273	0	T:39.0(0.07%),B:7.4(0.01%),P:1e-16	Tpos:77.3,Tstd:41.4,Bpos:90.5,Bstd:36.2,StrandBias:0.2,Multiplicity:1.00
0.001	0.997	0.001	0.001
0.001	0.001	0.571	0.427
0.001	0.001	0.997	0.001
0.001	0.997	0.001	0.001
0.001	0.001	0.001	0.997
0.001	0.001	0.001	0.997
0.001	0.001	0.997	0.001
0.072	0.001	0.926	0.001
0.001	0.997	0.001	0.001
0.997	0.001	0.001	0.001
>TAGGTGCGGC	9-TAGGTGCGGC	9.657258	-37.760273	0	T:39.0(0.07%),B:7.2(0.01%),P:1e-16	Tpos:64.8,Tstd:39.9,Bpos:94.5,Bstd:44.1,StrandBias:-0.7,Multiplicity:1.03
0.035	0.001	0.035	0.929
0.545	0.146	0.001	0.308
0.035	0.040	0.924	0.001
0.110	0.001	0.862	0.027
0.023	0.211	0.053	0.713
0.005	0.035	0.823	0.137
0.001	0.997	0.001	0.001
0.001	0.001	0.997	0.001
0.066	0.001	0.932	0.001
0.075	0.915	0.005	0.005
>AGATCTGGTC	10-AGATCTGGTC	10.296193	-37.713300	0	T:23.0(0.04%),B:3.0(0.00%),P:1e-16	Tpos:74.6,Tstd:44.9,Bpos:66.4,Bstd:22.3,StrandBias:-0.6,Multiplicity:1.09
0.700	0.100	0.100	0.100
0.100	0.100	0.700	0.100
0.700	0.100	0.100	0.100
0.100	0.100	0.100	0.700
0.100	0.700	0.100	0.100
0.100	0.100	0.100	0.700
0.100	0.100	0.700	0.100
0.100	0.100	0.700	0.100
0.100	0.100	0.100	0.700
0.100	0.700	0.100	0.100
>TCAAWACYGC	11-TCAAWACYGC	10.940931	-37.648633	0	T:44.0(0.07%),B:9.4(0.02%),P:1e-16	Tpos:82.8,Tstd:42.8,Bpos:85.7,Bstd:41.7,StrandBias:-0.9,Multiplicity:1.02
0.012	0.001	0.001	0.986
0.349	0.601	0.037	0.013
0.973	0.001	0.013	0.013
0.731	0.001	0.108	0.160
0.444	0.001	0.070	0.484
0.986	0.001	0.001	0.012
0.001	0.753	0.245	0.001
0.001	0.553	0.001	0.445
0.001	0.001	0.997	0.001
0.001	0.801	0.020	0.178
>GCTGTTGTTA	12-GCTGTTGTTA	9.413053	-37.236996	0	T:36.0(0.06%),B:6.8(0.01%),P:1e-16	Tpos:70.1,Tstd:41.1,Bpos:85.0,Bstd:23.6,StrandBias:-0.1,Multiplicity:1.03
0.001	0.001	0.997	0.001
0.001	0.997	0.001	0.001
0.001	0.012	0.012	0.975
0.001	0.001	0.997	0.001
0.001	0.001	0.001	0.997
0.001	0.001	0.001	0.997
0.001	0.001	0.997	0.001
0.001	0.001	0.001	0.997
0.001	0.001	0.001	0.997
0.997	0.001	0.001	0.001
>GTCTGATGGT	13-GTCTGATGGT	12.865683	-36.967744	0	T:33.0(0.06%),B:5.9(0.01%),P:1e-16	Tpos:67.6,Tstd:38.0,Bpos:80.0,Bstd:30.1,StrandBias:-0.4,Multiplicity:1.00
0.001	0.001	0.997	0.001
0.001	0.001	0.001	0.997
0.001	0.997	0.001	0.001
0.001	0.001	0.001	0.997
0.379	0.001	0.619	0.001
0.997	0.001	0.001	0.001
0.001	0.001	0.001	0.997
0.001	0.001	0.997	0.001
0.001	0.001	0.997	0.001
0.001	0.001	0.001	0.997
>GGGGCATAAG	14-GGGGCATAAG	8.800114	-36.030517	0	T:38.0(0.06%),B:7.8(0.01%),P:1e-15	Tpos:72.9,Tstd:42.7,Bpos:86.5,Bstd:37.6,StrandBias:0.5,Multiplicity:1.00
0.001	0.001	0.997	0.001
0.001	0.009	0.989	0.001
0.001	0.009	0.989	0.001
0.001	0.001	0.997	0.001
0.001	0.726	0.272	0.001
0.997	0.001	0.001	0.001
0.001	0.001	0.001	0.997
0.997	0.001	0.001	0.001
0.997	0.001	0.001	0.001
0.001	0.001	0.997	0.001
>ACAATCCCCT	15-ACAATCCCCT	9.326042	-35.729733	0	T:26.0(0.04%),B:3.9(0.01%),P:1e-15	Tpos:63.0,Tstd:39.6,Bpos:78.8,Bstd:39.3,StrandBias:0.0,Multiplicity:1.00
0.997	0.001	0.001	0.001
0.001	0.997	0.001	0.001
0.997	0.001	0.001	0.001
0.997	0.001	0.001	0.001
0.001	0.001	0.001	0.997
0.001	0.997	0.001	0.001
0.001	0.997	0.001	0.001
0.001	0.997	0.001	0.001
0.001	0.987	0.011	0.001
0.001	0.001	0.001	0.997
>CTCATACCAT	16-CTCATACCAT	10.296193	-35.260465	0	T:22.0(0.04%),B:2.8(0.00%),P:1e-15	Tpos:80.1,Tstd:45.1,Bpos:92.6,Bstd:9.2,StrandBias:0.5,Multiplicity:1.00
0.100	0.700	0.100	0.100
0.100	0.100	0.100	0.700
0.100	0.700	0.100	0.100
0.700	0.100	0.100	0.100
0.100	0.100	0.100	0.700
0.700	0.100	0.100	0.100
0.100	0.700	0.100	0.100
0.100	0.700	0.100	0.100
0.700	0.100	0.100	0.100
0.100	0.100	0.100	0.700
>CAAGGTGTAT	17-CAAGGTGTAT	11.117801	-33.558898	0	T:25.0(0.04%),B:3.1(0.01%),P:1e-14	Tpos:58.2,Tstd:35.5,Bpos:72.4,Bstd:4.1,StrandBias:0.3,Multiplicity:1.08
0.001	0.997	0.001	0.001
0.932	0.001	0.066	0.001
0.997	0.001	0.001	0.001
0.001	0.001	0.997	0.001
0.001	0.001	0.997	0.001
0.001	0.001	0.001	0.997
0.001	0.001	0.997	0.001
0.001	0.001	0.001	0.997
0.997	0.001	0.001	0.001
0.001	0.001	0.001	0.997
>GCGCCCTCTG	18-GCGCCCTCTG	10.296193	-33.081996	0	T:28.0(0.05%),B:4.3(0.01%),P:1e-14	Tpos:79.0,Tstd:26.9,Bpos:59.1,Bstd:40.7,StrandBias:0.2,Multiplicity:1.00
0.100	0.100	0.700	0.100
0.100	0.700	0.100	0.100
0.100	0.100	0.700	0.100
0.100	0.700	0.100	0.100
0.100	0.700	0.100	0.100
0.100	0.700	0.100	0.100
0.100	0.100	0.100	0.700
0.100	0.700	0.100	0.100
0.100	0.100	0.100	0.700
0.100	0.100	0.700	0.100
>CTGTCCCGTG	19-CTGTCCCGTG	12.511643	-29.201637	0	T:26.0(0.04%),B:4.7(0.01%),P:1e-12	Tpos:74.5,Tstd:41.2,Bpos:76.8,Bstd:15.5,StrandBias:-1.4,Multiplicity:1.00
0.001	0.997	0.001	0.001
0.001	0.001	0.001	0.997
0.001	0.001	0.997	0.001
0.001	0.001	0.001	0.997
0.001	0.997	0.001	0.001
0.001	0.732	0.001	0.266
0.001	0.997	0.001	0.001
0.001	0.001	0.997	0.001
0.001	0.001	0.001	0.997
0.001	0.001	0.997	0.001
>TAAAAWARAA	20-TAAAAWARAA	7.147256	-26.955156	0	T:8610.0(14.47%),B:8076.1(13.48%),P:1e-11	Tpos:75.5,Tstd:41.1,Bpos:72.8,Bstd:40.8,StrandBias:-0.1,Multiplicity:1.17
0.263	0.248	0.037	0.452
0.624	0.276	0.050	0.050
0.451	0.285	0.223	0.042
0.581	0.041	0.276	0.102
0.605	0.287	0.052	0.056
0.436	0.040	0.029	0.494
0.790	0.068	0.077	0.065
0.410	0.042	0.436	0.113
0.786	0.080	0.058	0.076
0.557	0.042	0.060	0.341
>TAGTTCACCA	21-TAGTTCACCA	10.296193	-25.911270	0	T:18.0(0.03%),B:2.2(0.00%),P:1e-11	Tpos:69.1,Tstd:41.6,Bpos:57.6,Bstd:33.6,StrandBias:0.0,Multiplicity:1.00
0.100	0.100	0.100	0.700
0.700	0.100	0.100	0.100
0.100	0.100	0.700	0.100
0.100	0.100	0.100	0.700
0.100	0.100	0.100	0.700
0.100	0.700	0.100	0.100
0.700	0.100	0.100	0.100
0.100	0.700	0.100	0.100
0.100	0.700	0.100	0.100
0.700	0.100	0.100	0.100
>GCCGGGCGGA	22-GCCGGGCGGA	13.290064	-25.470424	0	T:24.0(0.04%),B:4.8(0.01%),P:1e-11	Tpos:58.8,Tstd:38.5,Bpos:71.4,Bstd:33.8,StrandBias:0.1,Multiplicity:1.10
0.001	0.001	0.997	0.001
0.001	0.997	0.001	0.001
0.001	0.997	0.001	0.001
0.001	0.001	0.997	0.001
0.001	0.001	0.997	0.001
0.141	0.001	0.857	0.001
0.001	0.997	0.001	0.001
0.324	0.001	0.674	0.001
0.001	0.001	0.997	0.001
0.997	0.001	0.001	0.001
>CCCGCCAGCA	23-CCCGCCAGCA	10.296193	-23.320327	0	T:20.0(0.03%),B:3.8(0.01%),P:1e-10	Tpos:81.8,Tstd:36.5,Bpos:37.9,Bstd:6.3,StrandBias:1.2,Multiplicity:1.00
0.100	0.700	0.100	0.100
0.100	0.700	0.100	0.100
0.100	0.700	0.100	0.100
0.100	0.100	0.700	0.100
0.100	0.700	0.100	0.100
0.100	0.700	0.100	0.100
0.700	0.100	0.100	0.100
0.100	0.100	0.700	0.100
0.100	0.700	0.100	0.100
0.700	0.100	0.100	0.100
>GGCGCGGCGC	24-GGCGCGGCGC	6.690776	-22.012668	0	T:1681.0(2.82%),B:1451.5(2.42%),P:1e-9	Tpos:75.7,Tstd:40.0,Bpos:74.5,Bstd:36.4,StrandBias:-0.1,Multiplicity:1.38
0.083	0.085	0.769	0.063
0.079	0.132	0.739	0.050
0.111	0.653	0.151	0.085
0.096	0.126	0.684	0.094
0.118	0.648	0.148	0.086
0.125	0.117	0.654	0.104
0.048	0.119	0.787	0.046
0.103	0.674	0.117	0.106
0.096	0.127	0.665	0.112
0.066	0.727	0.131	0.076
>ATTGTAATAC	25-ATTGTAATAC	10.296193	-19.475706	0	T:23.0(0.04%),B:5.7(0.01%),P:1e-8	Tpos:66.5,Tstd:36.3,Bpos:90.9,Bstd:43.3,StrandBias:0.3,Multiplicity:1.00
0.700	0.100	0.100	0.100
0.100	0.100	0.100	0.700
0.100	0.100	0.100	0.700
0.100	0.100	0.700	0.100
0.100	0.100	0.100	0.700
0.700	0.100	0.100	0.100
0.700	0.100	0.100	0.100
0.100	0.100	0.100	0.700
0.700	0.100	0.100	0.100
0.100	0.700	0.100	0.100
>GGGCAGAGGCGC	1-GGGCAGAGGCGC	13.422728	-112.873646	0	T:49.0(0.08%),B:2.8(0.00%),P:1e-49	Tpos:77.3,Tstd:41.0,Bpos:70.3,Bstd:28.5,StrandBias:0.1,Multiplicity:1.27
0.001	0.001	0.997	0.001
0.001	0.001	0.997	0.001
0.139	0.139	0.721	0.001
0.001	0.997	0.001	0.001
0.643	0.139	0.217	0.001
0.139	0.001	0.859	0.001
0.997	0.001	0.001	0.001
0.001	0.001	0.859	0.139
0.356	0.001	0.642	0.001
0.001	0.997	0.001	0.001
0.001	0.001	0.997	0.001
0.001	0.997	0.001	0.001
>TCCCASTAKGGG	2-TCCCASTAKGGG	12.390240	-96.921761	0	T:36.0(0.06%),B:1.9(0.00%),P:1e-42	Tpos:66.1,Tstd:43.8,Bpos:124.1,Bstd:3.4,StrandBias:-1.1,Multiplicity:1.03
0.170	0.001	0.001	0.828
0.001	0.997	0.001	0.001
0.001	0.997	0.001	0.001
0.001	0.997	0.001	0.001
0.997	0.001	0.001	0.001
0.032	0.367	0.416	0.185
0.001	0.001	0.001	0.997
0.787	0.211	0.001	0.001
0.147	0.001	0.471	0.380
0.001	0.001	0.651	0.347
0.001	0.001	0.884	0.114
0.001	0.198	0.800	0.001
>AGGGTCATCTAC	3-AGGGTCATCTAC	11.999847	-86.233644	0	T:33.0(0.06%),B:1.8(0.00%),P:1e-37	Tpos:85.7,Tstd:41.4,Bpos:87.0,Bstd:8.1,StrandBias:0.4,Multiplicity:1.00
0.907	0.046	0.046	0.001
0.045	0.001	0.953	0.001
0.001	0.001	0.953	0.045
0.001	0.001	0.637	0.361
0.001	0.001	0.045	0.953
0.001	0.891	0.100	0.008
0.953	0.001	0.001	0.045
0.001	0.001	0.045	0.953
0.001	0.699	0.299	0.001
0.045	0.001	0.001	0.953
0.815	0.138	0.046	0.001
0.048	0.935	0.001	0.016
>TACTAGCTAGAC	4-TACTAGCTAGAC	11.991817	-82.729441	0	T:32.0(0.05%),B:1.9(0.00%),P:1e-35	Tpos:76.2,Tstd:44.0,Bpos:86.8,Bstd:9.8,StrandBias:0.4,Multiplicity:1.00
0.001	0.264	0.001	0.734
0.715	0.001	0.283	0.001
0.001	0.944	0.054	0.001
0.001	0.001	0.001	0.997
0.834	0.001	0.164	0.001
0.001	0.054	0.944	0.001
0.164	0.834	0.001	0.001
0.001	0.001	0.109	0.889
0.774	0.001	0.115	0.110
0.001	0.054	0.944	0.001
0.997	0.001	0.001	0.001
0.001	0.944	0.001	0.054
>ATGACACTCMGG	5-ATGACACTCMGG	12.229098	-82.729441	0	T:32.0(0.05%),B:1.9(0.00%),P:1e-35	Tpos:71.8,Tstd:42.9,Bpos:95.5,Bstd:15.6,StrandBias:0.9,Multiplicity:1.00
0.824	0.001	0.174	0.001
0.001	0.001	0.001	0.997
0.001	0.001	0.997	0.001
0.997	0.001	0.001	0.001
0.001	0.857	0.001	0.141
0.997	0.001	0.001	0.001
0.001	0.997	0.001	0.001
0.141	0.001	0.001	0.857
0.001	0.753	0.001	0.245
0.557	0.441	0.001	0.001
0.001	0.001	0.617	0.381
0.391	0.001	0.607	0.001
>GGTTGCTTTGTC	6-GGTTGCTTTGTC	11.976967	-80.853276	0	T:49.0(0.08%),B:4.1(0.01%),P:1e-35	Tpos:70.1,Tstd:41.1,Bpos:79.1,Bstd:30.9,StrandBias:-0.4,Multiplicity:1.00
0.089	0.001	0.909	0.001
0.103	0.001	0.895	0.001
0.200	0.235	0.106	0.459
0.001	0.001	0.303	0.695
0.163	0.001	0.835	0.001
0.001	0.997	0.001	0.001
0.001	0.040	0.001	0.958
0.001	0.062	0.041	0.896
0.149	0.001	0.108	0.742
0.122	0.180	0.566	0.132
0.132	0.001	0.001	0.866
0.001	0.720	0.001	0.278
>GCCACCAGGGGG	7-GCCACCAGGGGG	10.205287	-78.503014	0	T:322.0(0.54%),B:150.4(0.25%),P:1e-34	Tpos:74.3,Tstd:35.7,Bpos:74.1,Bstd:42.0,StrandBias:-0.0,Multiplicity:1.01
0.314	0.052	0.620	0.014
0.137	0.848	0.014	0.001
0.001	0.997	0.001	0.001
0.757	0.001	0.056	0.186
0.019	0.579	0.401	0.001
0.167	0.589	0.010	0.234
0.952	0.001	0.001	0.046
0.001	0.001	0.879	0.119
0.216	0.001	0.782	0.001
0.014	0.014	0.695	0.277
0.001	0.001	0.919	0.079
0.116	0.033	0.846	0.005
>AATGGAATGGAA	8-AATGGAATGGAA	12.770126	-75.859827	0	T:37.0(0.06%),B:2.9(0.00%),P:1e-32	Tpos:72.7,Tstd:39.2,Bpos:56.0,Bstd:39.8,StrandBias:1.1,Multiplicity:1.57
0.666	0.001	0.332	0.001
0.997	0.001	0.001	0.001
0.001	0.001	0.001	0.997
0.001	0.043	0.955	0.001
0.001	0.315	0.683	0.001
0.997	0.001	0.001	0.001
0.997	0.001	0.001	0.001
0.001	0.170	0.001	0.828
0.001	0.267	0.731	0.001
0.001	0.089	0.909	0.001
0.909	0.089	0.001	0.001
0.997	0.001	0.001	0.001
>GTGCCGTAGTTT	9-GTGCCGTAGTTT	10.897774	-65.689805	0	T:27.0(0.05%),B:1.8(0.00%),P:1e-28	Tpos:69.1,Tstd:40.8,Bpos:27.1,Bstd:6.4,StrandBias:-0.1,Multiplicity:1.00
0.064	0.038	0.897	0.001
0.051	0.001	0.013	0.935
0.039	0.076	0.820	0.065
0.064	0.858	0.027	0.051
0.103	0.681	0.039	0.177
0.052	0.104	0.799	0.045
0.077	0.051	0.065	0.807
0.807	0.026	0.077	0.090
0.064	0.064	0.795	0.077
0.039	0.013	0.039	0.909
0.039	0.013	0.052	0.896
0.076	0.039	0.064	0.821
>CTGCAACGTATT	10-CTGCAACGTATT	11.563877	-65.689805	0	T:27.0(0.05%),B:1.9(0.00%),P:1e-28	Tpos:72.7,Tstd:39.7,Bpos:75.2,Bstd:21.1,StrandBias:0.5,Multiplicity:1.00
0.034	0.900	0.022	0.044
0.075	0.001	0.022	0.902
0.022	0.045	0.878	0.055
0.033	0.806	0.150	0.011
0.902	0.022	0.011	0.065
0.868	0.033	0.033	0.066
0.045	0.579	0.215	0.161
0.049	0.066	0.829	0.056
0.033	0.033	0.033	0.901
0.888	0.043	0.024	0.045
0.162	0.033	0.078	0.727
0.055	0.044	0.056	0.845
>ACCGCTGTGGTG	11-ACCGCTGTGGTG	11.503999	-65.689805	0	T:27.0(0.05%),B:2.0(0.00%),P:1e-28	Tpos:78.9,Tstd:40.9,Bpos:70.8,Bstd:15.6,StrandBias:0.8,Multiplicity:1.00
0.900	0.001	0.098	0.001
0.001	0.997	0.001	0.001
0.120	0.839	0.001	0.040
0.001	0.098	0.861	0.040
0.001	0.900	0.001	0.098
0.001	0.001	0.001	0.997
0.001	0.001	0.997	0.001
0.001	0.001	0.098	0.900
0.001	0.001	0.900	0.098
0.098	0.098	0.803	0.001
0.001	0.001	0.001	0.997
0.001	0.001	0.900	0.098
>ACAATTATGTGT	12-ACAATTATGTGT	13.041064	-64.322546	0	T:33.0(0.06%),B:2.9(0.00%),P:1e-27	Tpos:74.8,Tstd:40.1,Bpos:49.1,Bstd:24.2,StrandBias:0.3,Multiplicity:1.00
0.589	0.409	0.001	0.001
0.001	0.997	0.001	0.001
0.903	0.095	0.001	0.001
0.997	0.001	0.001	0.001
0.001	0.095	0.001	0.903
0.001	0.001	0.001	0.997
0.997	0.001	0.001	0.001
0.001	0.095	0.001	0.903
0.001	0.319	0.679	0.001
0.001	0.001	0.095	0.903
0.001	0.001	0.997	0.001
0.001	0.001	0.001	0.997
>GCTGACCCCCCC	13-GCTGACCCCCCC	11.841506	-62.385926	0	T:26.0(0.04%),B:1.3(0.00%),P:1e-27	Tpos:84.5,Tstd:40.8,Bpos:88.9,Bstd:27.9,StrandBias:0.0,Multiplicity:1.15
0.001	0.009	0.989	0.001
0.001	0.997	0.001	0.001
0.001	0.001	0.001	0.997
0.001	0.001	0.997	0.001
0.989	0.001	0.001	0.009
0.001	0.979	0.010	0.010
0.001	0.997	0.001	0.001
0.001	0.989	0.009	0.001
0.009	0.989	0.001	0.001
0.009	0.989	0.001	0.001
0.001	0.997	0.001	0.001
0.001	0.997	0.001	0.001
>AAGGGGGAACTA	14-AAGGGGGAACTA	12.877579	-62.385926	0	T:26.0(0.04%),B:1.8(0.00%),P:1e-27	Tpos:78.3,Tstd:41.4,Bpos:28.9,Bstd:6.6,StrandBias:-0.4,Multiplicity:1.00
0.997	0.001	0.001	0.001
0.858	0.001	0.140	0.001
0.001	0.286	0.632	0.081
0.001	0.001	0.742	0.256
0.001	0.001	0.928	0.070
0.140	0.001	0.858	0.001
0.001	0.001	0.997	0.001
0.858	0.140	0.001	0.001
0.776	0.222	0.001	0.001
0.001	0.997	0.001	0.001
0.001	0.070	0.001	0.928
0.928	0.001	0.070	0.001
>GACGGGGCGGCT	15-GACGGGGCGGCT	11.623552	-59.980641	0	T:65.0(0.11%),B:12.5(0.02%),P:1e-26	Tpos:76.9,Tstd:41.8,Bpos:66.4,Bstd:37.4,StrandBias:0.2,Multiplicity:1.62
0.001	0.001	0.997	0.001
0.997	0.001	0.001	0.001
0.035	0.963	0.001	0.001
0.118	0.035	0.764	0.083
0.001	0.001	0.997	0.001
0.001	0.001	0.916	0.082
0.001	0.001	0.997	0.001
0.001	0.963	0.001	0.035
0.249	0.001	0.667	0.083
0.001	0.082	0.916	0.001
0.001	0.937	0.001	0.061
0.083	0.336	0.083	0.499
>TGAGAAGTGAGG	16-TGAGAAGTGAGG	13.778673	-50.579191	0	T:28.0(0.05%),B:2.5(0.00%),P:1e-21	Tpos:80.1,Tstd:40.5,Bpos:101.0,Bstd:31.7,StrandBias:0.1,Multiplicity:1.32
0.001	0.001	0.001	0.997
0.043	0.043	0.913	0.001
0.913	0.043	0.001	0.043
0.281	0.001	0.703	0.015
0.706	0.250	0.001	0.043
0.911	0.001	0.045	0.043
0.001	0.001	0.956	0.042
0.001	0.042	0.001	0.956
0.289	0.008	0.702	0.001
0.997	0.001	0.001	0.001
0.001	0.001	0.997	0.001
0.237	0.043	0.677	0.043
>CATCTGCGGGAT	17-CATCTGCGGGAT	10.855284	-47.930838	0	T:27.0(0.05%),B:2.0(0.00%),P:1e-20	Tpos:65.4,Tstd:40.1,Bpos:40.3,Bstd:31.6,StrandBias:0.3,Multiplicity:1.00
0.020	0.900	0.030	0.050
0.804	0.116	0.050	0.030
0.040	0.031	0.071	0.858
0.030	0.934	0.026	0.010
0.051	0.010	0.010	0.929
0.050	0.050	0.849	0.051
0.069	0.661	0.122	0.148
0.041	0.040	0.848	0.071
0.051	0.040	0.839	0.070
0.070	0.051	0.809	0.070
0.850	0.030	0.050	0.070
0.079	0.081	0.090	0.750
>ACCTCCCTCCCG	18-ACCTCCCTCCCG	11.794386	-47.119600	0	T:31.0(0.05%),B:3.3(0.01%),P:1e-20	Tpos:75.5,Tstd:41.4,Bpos:93.0,Bstd:24.3,StrandBias:0.1,Multiplicity:1.29
0.997	0.001	0.001	0.001
0.028	0.934	0.010	0.028
0.001	0.989	0.001	0.009
0.001	0.001	0.001	0.997
0.001	0.989	0.001	0.009
0.009	0.989	0.001	0.001
0.001	0.997	0.001	0.001
0.001	0.001	0.001	0.997
0.001	0.997	0.001	0.001
0.001	0.981	0.009	0.009
0.001	0.997	0.001	0.001
0.001	0.001	0.997	0.001
>CCGAGTTCACGC	19-CCGAGTTCACGC	10.609662	-47.047279	0	T:276.0(0.46%),B:149.8(0.25%),P:1e-20	Tpos:75.7,Tstd:40.3,Bpos:73.4,Bstd:40.6,StrandBias:-0.1,Multiplicity:1.02
0.050	0.866	0.036	0.048
0.134	0.632	0.069	0.165
0.150	0.116	0.652	0.082
0.781	0.031	0.109	0.079
0.064	0.060	0.818	0.058
0.196	0.066	0.075	0.663
0.031	0.078	0.055	0.836
0.021	0.902	0.036	0.041
0.754	0.090	0.091	0.065
0.110	0.588	0.168	0.134
0.129	0.093	0.691	0.087
0.048	0.819	0.063	0.070
>AGGCCAAGGGCA	20-AGGCCAAGGGCA	13.063750	-43.409169	0	T:20.0(0.03%),B:1.6(0.00%),P:1e-18	Tpos:69.0,Tstd:36.4,Bpos:84.1,Bstd:18.5,StrandBias:0.6,Multiplicity:1.00
0.997	0.001	0.001	0.001
0.024	0.001	0.974	0.001
0.001	0.024	0.814	0.161
0.024	0.974	0.001	0.001
0.001	0.949	0.001	0.049
0.974	0.001	0.024	0.001
0.731	0.137	0.001	0.131
0.070	0.248	0.519	0.163
0.072	0.001	0.831	0.096
0.001	0.024	0.814	0.161
0.024	0.903	0.072	0.001
0.951	0.001	0.024	0.024
>TTGMTTGSTTGC	21-TTGMTTGSTTGC	12.830336	-42.744037	0	T:25.0(0.04%),B:3.0(0.00%),P:1e-18	Tpos:79.2,Tstd:31.2,Bpos:60.3,Bstd:30.8,StrandBias:0.7,Multiplicity:1.00
0.001	0.021	0.001	0.977
0.041	0.081	0.120	0.758
0.040	0.001	0.958	0.001
0.470	0.489	0.040	0.001
0.243	0.001	0.001	0.755
0.001	0.001	0.001	0.997
0.001	0.001	0.997	0.001
0.158	0.398	0.436	0.008
0.083	0.001	0.001	0.915
0.001	0.001	0.001	0.997
0.081	0.042	0.876	0.001
0.163	0.835	0.001	0.001
>AAAACCGCGCAA	22-AAAACCGCGCAA	10.409522	-40.208391	0	T:24.0(0.04%),B:2.8(0.00%),P:1e-17	Tpos:68.9,Tstd:38.6,Bpos:77.0,Bstd:36.8,StrandBias:-0.7,Multiplicity:1.00
0.700	0.100	0.100	0.100
0.700	0.100	0.100	0.100
0.700	0.100	0.100	0.100
0.700	0.100	0.100	0.100
0.100	0.700	0.100	0.100
0.100	0.700	0.100	0.100
0.100	0.100	0.700	0.100
0.100	0.700	0.100	0.100
0.100	0.100	0.700	0.100
0.100	0.700	0.100	0.100
0.700	0.100	0.100	0.100
0.700	0.100	0.100	0.100
>TCTAGCGAAACA	23-TCTAGCGAAACA	10.409522	-37.713300	0	T:23.0(0.04%),B:2.1(0.00%),P:1e-16	Tpos:76.0,Tstd:33.0,Bpos:77.4,Bstd:52.8,StrandBias:0.6,Multiplicity:1.00
0.100	0.100	0.100	0.700
0.100	0.700	0.100	0.100
0.100	0.100	0.100	0.700
0.700	0.100	0.100	0.100
0.100	0.100	0.700	0.100
0.100	0.700	0.100	0.100
0.100	0.100	0.700	0.100
0.700	0.100	0.100	0.100
0.700	0.100	0.100	0.100
0.700	0.100	0.100	0.100
0.100	0.700	0.100	0.100
0.700	0.100	0.100	0.100
>ATGTATCGAGCT	24-ATGTATCGAGCT	12.293102	-37.713300	0	T:23.0(0.04%),B:2.1(0.00%),P:1e-16	Tpos:69.2,Tstd:34.8,Bpos:61.8,Bstd:21.3,StrandBias:0.4,Multiplicity:1.00
0.997	0.001	0.001	0.001
0.001	0.001	0.040	0.958
0.001	0.040	0.958	0.001
0.001	0.001	0.001	0.997
0.997	0.001	0.001	0.001
0.001	0.001	0.001	0.997
0.041	0.731	0.001	0.227
0.358	0.041	0.560	0.041
0.958	0.001	0.001	0.040
0.001	0.040	0.958	0.001
0.001	0.917	0.041	0.041
0.001	0.001	0.001	0.997
>CTACCTTCCTTC	25-CTACCTTCCTTC	10.823882	-29.035924	0	T:208.0(0.35%),B:121.9(0.20%),P:1e-12	Tpos:71.3,Tstd:38.7,Bpos:80.6,Bstd:37.6,StrandBias:-0.6,Multiplicity:1.20
0.025	0.876	0.034	0.065
0.052	0.088	0.007	0.853
0.634	0.101	0.127	0.138
0.042	0.855	0.027	0.076
0.068	0.859	0.016	0.057
0.039	0.067	0.013	0.881
0.067	0.043	0.100	0.790
0.027	0.868	0.035	0.070
0.046	0.878	0.010	0.066
0.015	0.119	0.008	0.858
0.064	0.051	0.040	0.845
0.052	0.805	0.043	0.100
>TAGTACCA	1-TAGTACCA	5.227503	-49.780732	0	T:7937.0(13.34%),B:7204.8(12.03%),P:1e-21	Tpos:74.6,Tstd:41.3,Bpos:74.0,Bstd:41.9,StrandBias:-0.0,Multiplicity:1.08
0.093	0.071	0.029	0.807
0.776	0.121	0.078	0.025
0.118	0.099	0.751	0.032
0.074	0.109	0.058	0.759
0.736	0.053	0.052	0.159
0.128	0.765	0.035	0.072
0.091	0.722	0.138	0.049
0.688	0.191	0.045	0.076
>CAGCCTGG	2-CAGCCTGG	6.714647	-43.985992	0	T:10955.0(18.41%),B:10181.7(17.00%),P:1e-19	Tpos:73.7,Tstd:41.0,Bpos:74.1,Bstd:42.2,StrandBias:-0.0,Multiplicity:1.08
0.099	0.867	0.033	0.001
0.959	0.039	0.001	0.001
0.082	0.001	0.812	0.105
0.101	0.740	0.123	0.036
0.065	0.905	0.001	0.029
0.041	0.014	0.050	0.895
0.001	0.001	0.973	0.025
0.001	0.001	0.997	0.001
>CACGAGDG	3-CACGAGDG	6.171770	-43.638165	0	T:3062.0(5.14%),B:2617.9(4.37%),P:1e-18	Tpos:74.3,Tstd:40.4,Bpos:73.2,Bstd:39.5,StrandBias:-0.0,Multiplicity:1.04
0.165	0.764	0.001	0.070
0.728	0.001	0.001	0.270
0.001	0.997	0.001	0.001
0.001	0.001	0.875	0.123
0.704	0.001	0.294	0.001
0.001	0.001	0.997	0.001
0.351	0.001	0.382	0.266
0.068	0.357	0.574	0.001
>GCGTGATC	4-GCGTGATC	4.946883	-42.565139	0	T:5528.0(9.29%),B:4952.0(8.27%),P:1e-18	Tpos:74.7,Tstd:41.4,Bpos:74.5,Bstd:40.6,StrandBias:0.0,Multiplicity:1.09
0.126	0.086	0.749	0.039
0.067	0.806	0.044	0.083
0.053	0.070	0.814	0.063
0.093	0.102	0.096	0.709
0.065	0.142	0.727	0.066
0.821	0.095	0.054	0.030
0.134	0.074	0.080	0.712
0.112	0.666	0.085	0.137
>TGATVTTC	5-TGATVTTC	6.585394	-36.291906	0	T:1976.0(3.32%),B:1650.4(2.76%),P:1e-15	Tpos:76.0,Tstd:41.2,Bpos:74.0,Bstd:41.2,StrandBias:-0.0,Multiplicity:1.02
0.001	0.001	0.353	0.645
0.001	0.001	0.997	0.001
0.955	0.001	0.043	0.001
0.001	0.001	0.001	0.997
0.413	0.270	0.316	0.001
0.001	0.001	0.001	0.997
0.001	0.058	0.001	0.940
0.001	0.988	0.010	0.001
>GAATCACA	6-GAATCACA	7.675218	-34.520196	0	T:3132.0(5.26%),B:2735.7(4.57%),P:1e-14	Tpos:74.8,Tstd:41.5,Bpos:75.1,Bstd:42.5,StrandBias:-0.1,Multiplicity:1.02
0.001	0.001	0.997	0.001
0.777	0.221	0.001	0.001
0.997	0.001	0.001	0.001
0.001	0.193	0.001	0.805
0.001	0.629	0.369	0.001
0.600	0.398	0.001	0.001
0.166	0.832	0.001	0.001
0.592	0.001	0.001	0.406
>GTATAAAC	7-GTATAAAC	6.575872	-34.350110	0	T:1199.0(2.01%),B:953.4(1.59%),P:1e-14	Tpos:76.9,Tstd:41.0,Bpos:74.4,Bstd:43.3,StrandBias:-0.0,Multiplicity:1.03
0.001	0.001	0.997	0.001
0.001	0.001	0.001	0.997
0.997	0.001	0.001	0.001
0.001	0.001	0.001	0.997
0.585	0.001	0.413	0.001
0.958	0.001	0.001	0.040
0.475	0.001	0.231	0.293
0.001	0.997	0.001	0.001
>AGTAAGAG	8-AGTAAGAG	5.658272	-34.204217	0	T:4564.0(7.67%),B:4094.7(6.84%),P:1e-14	Tpos:74.6,Tstd:41.2,Bpos:73.5,Bstd:41.7,StrandBias:-0.0,Multiplicity:1.05
0.755	0.013	0.193	0.039
0.236	0.021	0.564	0.179
0.047	0.179	0.133	0.641
0.539	0.128	0.166	0.167
0.655	0.275	0.037	0.033
0.032	0.254	0.597	0.117
0.690	0.018	0.267	0.025
0.122	0.173	0.464	0.241
>AGGTGGCG	9-AGGTGGCG	6.653105	-30.736718	0	T:977.0(1.64%),B:768.7(1.28%),P:1e-13	Tpos:76.6,Tstd:42.5,Bpos:71.8,Bstd:41.8,StrandBias:-0.3,Multiplicity:1.02
0.931	0.067	0.001	0.001
0.184	0.001	0.814	0.001
0.001	0.001	0.974	0.024
0.001	0.001	0.001	0.997
0.001	0.001	0.997	0.001
0.001	0.001	0.997	0.001
0.001	0.997	0.001	0.001
0.001	0.001	0.997	0.001
>AACAAACC	10-AACAAACC	9.963982	-28.379843	0	T:1098.0(1.84%),B:885.8(1.48%),P:1e-12	Tpos:74.0,Tstd:41.9,Bpos:74.4,Bstd:40.7,StrandBias:0.1,Multiplicity:1.01
0.997	0.001	0.001	0.001
0.997	0.001	0.001	0.001
0.001	0.997	0.001	0.001
0.997	0.001	0.001	0.001
0.885	0.001	0.113	0.001
0.997	0.001	0.001	0.001
0.001	0.625	0.373	0.001
0.001	0.997	0.001	0.001
>GCCGCGCC	11-GCCGCGCC	6.086806	-27.678630	0	T:3136.0(5.27%),B:2784.6(4.65%),P:1e-12	Tpos:75.6,Tstd:40.7,Bpos:74.4,Bstd:37.4,StrandBias:0.0,Multiplicity:1.36
0.136	0.064	0.799	0.001
0.001	0.963	0.016	0.020
0.090	0.600	0.232	0.078
0.001	0.378	0.620	0.001
0.001	0.720	0.278	0.001
0.001	0.001	0.955	0.043
0.057	0.747	0.001	0.195
0.194	0.740	0.065	0.001
>TCCATGTG	12-TCCATGTG	6.923655	-25.982893	0	T:3426.0(5.76%),B:3072.8(5.13%),P:1e-11	Tpos:73.2,Tstd:42.0,Bpos:75.0,Bstd:42.3,StrandBias:0.0,Multiplicity:1.05
0.024	0.047	0.033	0.896
0.001	0.973	0.001	0.025
0.043	0.955	0.001	0.001
0.851	0.071	0.033	0.045
0.029	0.036	0.058	0.877
0.001	0.220	0.778	0.001
0.026	0.026	0.091	0.857
0.001	0.033	0.965	0.001
>TATGGTGA	13-TATGGTGA	7.470255	-24.451574	0	T:1562.0(2.62%),B:1327.5(2.22%),P:1e-10	Tpos:74.2,Tstd:42.0,Bpos:73.5,Bstd:42.5,StrandBias:-0.0,Multiplicity:1.02
0.001	0.001	0.001	0.997
0.997	0.001	0.001	0.001
0.001	0.001	0.001	0.997
0.001	0.001	0.997	0.001
0.001	0.162	0.836	0.001
0.001	0.081	0.001	0.917
0.183	0.124	0.692	0.001
0.997	0.001	0.001	0.001
>TCAACSCG	14-TCAACSCG	8.242227	-22.367767	0	T:113.0(0.19%),B:59.4(0.10%),P:1e-9	Tpos:72.3,Tstd:41.8,Bpos:63.4,Bstd:38.5,StrandBias:-0.3,Multiplicity:1.01
0.001	0.001	0.001	0.997
0.001	0.737	0.001	0.261
0.755	0.001	0.243	0.001
0.755	0.001	0.243	0.001
0.001	0.997	0.001	0.001
0.001	0.430	0.568	0.001
0.001	0.997	0.001	0.001
0.306	0.001	0.692	0.001
>CAWAAARA	15-CAWAAARA	7.042531	-20.653042	0	T:9229.0(15.51%),B:8763.1(14.63%),P:1e-8	Tpos:74.7,Tstd:41.6,Bpos:74.0,Bstd:41.6,StrandBias:-0.0,Multiplicity:1.24
0.291	0.557	0.041	0.111
0.652	0.001	0.194	0.153
0.521	0.074	0.001	0.404
0.997	0.001	0.001	0.001
0.598	0.400	0.001	0.001
0.577	0.284	0.138	0.001
0.483	0.001	0.515	0.001
0.997	0.001	0.001	0.001
>TGAGTGAG	16-TGAGTGAG	8.145715	-20.314046	0	T:1860.0(3.13%),B:1629.5(2.72%),P:1e-8	Tpos:75.0,Tstd:41.9,Bpos:74.1,Bstd:41.6,StrandBias:-0.1,Multiplicity:1.05
0.001	0.350	0.001	0.648
0.001	0.001	0.607	0.391
0.997	0.001	0.001	0.001
0.001	0.001	0.997	0.001
0.001	0.363	0.001	0.635
0.001	0.001	0.625	0.373
0.997	0.001	0.001	0.001
0.001	0.001	0.997	0.001
>AAGGCAGG	17-AAGGCAGG	10.508445	-17.704495	0	T:1084.0(1.82%),B:920.9(1.54%),P:1e-7	Tpos:75.6,Tstd:40.5,Bpos:73.0,Bstd:43.6,StrandBias:0.0,Multiplicity:1.01
0.997	0.001	0.001	0.001
0.935	0.063	0.001	0.001
0.001	0.001	0.997	0.001
0.001	0.001	0.997	0.001
0.332	0.666	0.001	0.001
0.911	0.087	0.001	0.001
0.001	0.001	0.997	0.001
0.001	0.001	0.997	0.001
>GSCGGTAC	18-GSCGGTAC	7.337015	-17.659289	0	T:136.0(0.23%),B:82.7(0.14%),P:1e-7	Tpos:72.5,Tstd:45.0,Bpos:75.7,Bstd:34.2,StrandBias:-0.2,Multiplicity:1.01
0.001	0.009	0.989	0.001
0.156	0.389	0.337	0.118
0.162	0.638	0.199	0.001
0.001	0.162	0.836	0.001
0.132	0.001	0.866	0.001
0.001	0.001	0.001	0.997
0.700	0.143	0.001	0.156
0.001	0.667	0.143	0.189
>GCGCAGTM	19-GCGCAGTM	7.032990	-17.233588	0	T:998.0(1.68%),B:843.9(1.41%),P:1e-7	Tpos:77.4,Tstd:41.6,Bpos:76.6,Bstd:42.3,StrandBias:0.0,Multiplicity:1.01
0.090	0.093	0.816	0.001
0.001	0.997	0.001	0.001
0.001	0.166	0.832	0.001
0.070	0.775	0.004	0.151
0.684	0.001	0.260	0.055
0.001	0.112	0.886	0.001
0.107	0.001	0.001	0.891
0.483	0.438	0.078	0.001
>ACTCATGT	20-ACTCATGT	8.236954	-15.679147	0	T:280.0(0.47%),B:204.2(0.34%),P:1e-6	Tpos:75.8,Tstd:40.5,Bpos:71.3,Bstd:43.0,StrandBias:0.1,Multiplicity:1.00
0.700	0.100	0.100	0.100
0.100	0.700	0.100	0.100
0.100	0.100	0.100	0.700
0.100	0.700	0.100	0.100
0.700	0.100	0.100	0.100
0.100	0.100	0.100	0.700
0.100	0.100	0.700	0.100
0.100	0.100	0.100	0.700
>CGTTATGT	21-CGTTATGT	8.236954	-15.100299	0	T:54.0(0.09%),B:25.9(0.04%),P:1e-6	Tpos:79.8,Tstd:45.2,Bpos:72.1,Bstd:41.0,StrandBias:0.6,Multiplicity:1.00
0.100	0.700	0.100	0.100
0.100	0.100	0.700	0.100
0.100	0.100	0.100	0.700
0.100	0.100	0.100	0.700
0.700	0.100	0.100	0.100
0.100	0.100	0.100	0.700
0.100	0.100	0.700	0.100
0.100	0.100	0.100	0.700
>CACTTCTC	22-CACTTCTC	9.662825	-12.966845	0	T:988.0(1.66%),B:857.9(1.43%),P:1e-5	Tpos:72.6,Tstd:40.5,Bpos:73.7,Bstd:41.8,StrandBias:0.1,Multiplicity:1.03
0.001	0.997	0.001	0.001
0.997	0.001	0.001	0.001
0.001	0.997	0.001	0.001
0.001	0.001	0.001	0.997
0.001	0.001	0.001	0.997
0.001	0.997	0.001	0.001
0.001	0.001	0.001	0.997
0.001	0.753	0.245	0.001
>GAAGTTAG	23-GAAGTTAG	8.236954	-12.810333	0	T:256.0(0.43%),B:191.8(0.32%),P:1e-5	Tpos:74.6,Tstd:41.4,Bpos:70.8,Bstd:41.5,StrandBias:0.1,Multiplicity:1.00
0.100	0.100	0.700	0.100
0.700	0.100	0.100	0.100
0.700	0.100	0.100	0.100
0.100	0.100	0.700	0.100
0.100	0.100	0.100	0.700
0.100	0.100	0.100	0.700
0.700	0.100	0.100	0.100
0.100	0.100	0.700	0.100
>GGCCCGCA	24-GGCCCGCA	8.236954	-10.067043	0	T:89.0(0.15%),B:57.6(0.10%),P:1e-4	Tpos:74.8,Tstd:40.5,Bpos:70.3,Bstd:38.4,StrandBias:0.2,Multiplicity:1.09
0.100	0.100	0.700	0.100
0.100	0.100	0.700	0.100
0.100	0.700	0.100	0.100
0.100	0.700	0.100	0.100
0.100	0.700	0.100	0.100
0.100	0.100	0.700	0.100
0.100	0.700	0.100	0.100
0.700	0.100	0.100	0.100
>CGCGGGTA	25-CGCGGGTA	8.236954	-5.219318	0	T:15.0(0.03%),B:7.7(0.01%),P:1e-2	Tpos:77.6,Tstd:38.5,Bpos:102.8,Bstd:21.3,StrandBias:-0.4,Multiplicity:1.00
0.100	0.700	0.100	0.100
0.100	0.100	0.700	0.100
0.100	0.700	0.100	0.100
0.100	0.100	0.700	0.100
0.100	0.100	0.700	0.100
0.100	0.100	0.700	0.100
0.100	0.100	0.100	0.700
0.700	0.100	0.100	0.100
