>GGGCAGAGGCGC	1-GGGCAGAGGCGC	13.422728	-112.873646	0	T:49.0(0.08%),B:2.8(0.00%),P:1e-49	Tpos:77.3,Tstd:41.0,Bpos:70.3,Bstd:28.5,StrandBias:0.1,Multiplicity:1.27
0.001	0.001	0.997	0.001
0.001	0.001	0.997	0.001
0.139	0.139	0.721	0.001
0.001	0.997	0.001	0.001
0.643	0.139	0.217	0.001
0.139	0.001	0.859	0.001
0.997	0.001	0.001	0.001
0.001	0.001	0.859	0.139
0.356	0.001	0.642	0.001
0.001	0.997	0.001	0.001
0.001	0.001	0.997	0.001
0.001	0.997	0.001	0.001
>TCCCASTAKGGG	2-TCCCASTAKGGG	12.390240	-96.921761	0	T:36.0(0.06%),B:1.9(0.00%),P:1e-42	Tpos:66.1,Tstd:43.8,Bpos:124.1,Bstd:3.4,StrandBias:-1.1,Multiplicity:1.03
0.170	0.001	0.001	0.828
0.001	0.997	0.001	0.001
0.001	0.997	0.001	0.001
0.001	0.997	0.001	0.001
0.997	0.001	0.001	0.001
0.032	0.367	0.416	0.185
0.001	0.001	0.001	0.997
0.787	0.211	0.001	0.001
0.147	0.001	0.471	0.380
0.001	0.001	0.651	0.347
0.001	0.001	0.884	0.114
0.001	0.198	0.800	0.001
>AGGGTCATCTAC	3-AGGGTCATCTAC	11.999847	-86.233644	0	T:33.0(0.06%),B:1.8(0.00%),P:1e-37	Tpos:85.7,Tstd:41.4,Bpos:87.0,Bstd:8.1,StrandBias:0.4,Multiplicity:1.00
0.907	0.046	0.046	0.001
0.045	0.001	0.953	0.001
0.001	0.001	0.953	0.045
0.001	0.001	0.637	0.361
0.001	0.001	0.045	0.953
0.001	0.891	0.100	0.008
0.953	0.001	0.001	0.045
0.001	0.001	0.045	0.953
0.001	0.699	0.299	0.001
0.045	0.001	0.001	0.953
0.815	0.138	0.046	0.001
0.048	0.935	0.001	0.016
>TACTAGCTAGAC	4-TACTAGCTAGAC	11.991817	-82.729441	0	T:32.0(0.05%),B:1.9(0.00%),P:1e-35	Tpos:76.2,Tstd:44.0,Bpos:86.8,Bstd:9.8,StrandBias:0.4,Multiplicity:1.00
0.001	0.264	0.001	0.734
0.715	0.001	0.283	0.001
0.001	0.944	0.054	0.001
0.001	0.001	0.001	0.997
0.834	0.001	0.164	0.001
0.001	0.054	0.944	0.001
0.164	0.834	0.001	0.001
0.001	0.001	0.109	0.889
0.774	0.001	0.115	0.110
0.001	0.054	0.944	0.001
0.997	0.001	0.001	0.001
0.001	0.944	0.001	0.054
>ATGACACTCMGG	5-ATGACACTCMGG	12.229098	-82.729441	0	T:32.0(0.05%),B:1.9(0.00%),P:1e-35	Tpos:71.8,Tstd:42.9,Bpos:95.5,Bstd:15.6,StrandBias:0.9,Multiplicity:1.00
0.824	0.001	0.174	0.001
0.001	0.001	0.001	0.997
0.001	0.001	0.997	0.001
0.997	0.001	0.001	0.001
0.001	0.857	0.001	0.141
0.997	0.001	0.001	0.001
0.001	0.997	0.001	0.001
0.141	0.001	0.001	0.857
0.001	0.753	0.001	0.245
0.557	0.441	0.001	0.001
0.001	0.001	0.617	0.381
0.391	0.001	0.607	0.001
>GGTTGCTTTGTC	6-GGTTGCTTTGTC	11.976967	-80.853276	0	T:49.0(0.08%),B:4.1(0.01%),P:1e-35	Tpos:70.1,Tstd:41.1,Bpos:79.1,Bstd:30.9,StrandBias:-0.4,Multiplicity:1.00
0.089	0.001	0.909	0.001
0.103	0.001	0.895	0.001
0.200	0.235	0.106	0.459
0.001	0.001	0.303	0.695
0.163	0.001	0.835	0.001
0.001	0.997	0.001	0.001
0.001	0.040	0.001	0.958
0.001	0.062	0.041	0.896
0.149	0.001	0.108	0.742
0.122	0.180	0.566	0.132
0.132	0.001	0.001	0.866
0.001	0.720	0.001	0.278
>GCCACCAGGGGG	7-GCCACCAGGGGG	10.205287	-78.503014	0	T:322.0(0.54%),B:150.4(0.25%),P:1e-34	Tpos:74.3,Tstd:35.7,Bpos:74.1,Bstd:42.0,StrandBias:-0.0,Multiplicity:1.01
0.314	0.052	0.620	0.014
0.137	0.848	0.014	0.001
0.001	0.997	0.001	0.001
0.757	0.001	0.056	0.186
0.019	0.579	0.401	0.001
0.167	0.589	0.010	0.234
0.952	0.001	0.001	0.046
0.001	0.001	0.879	0.119
0.216	0.001	0.782	0.001
0.014	0.014	0.695	0.277
0.001	0.001	0.919	0.079
0.116	0.033	0.846	0.005
>AATGGAATGGAA	8-AATGGAATGGAA	12.770126	-75.859827	0	T:37.0(0.06%),B:2.9(0.00%),P:1e-32	Tpos:72.7,Tstd:39.2,Bpos:56.0,Bstd:39.8,StrandBias:1.1,Multiplicity:1.57
0.666	0.001	0.332	0.001
0.997	0.001	0.001	0.001
0.001	0.001	0.001	0.997
0.001	0.043	0.955	0.001
0.001	0.315	0.683	0.001
0.997	0.001	0.001	0.001
0.997	0.001	0.001	0.001
0.001	0.170	0.001	0.828
0.001	0.267	0.731	0.001
0.001	0.089	0.909	0.001
0.909	0.089	0.001	0.001
0.997	0.001	0.001	0.001
>GTGCCGTAGTTT	9-GTGCCGTAGTTT	10.897774	-65.689805	0	T:27.0(0.05%),B:1.8(0.00%),P:1e-28	Tpos:69.1,Tstd:40.8,Bpos:27.1,Bstd:6.4,StrandBias:-0.1,Multiplicity:1.00
0.064	0.038	0.897	0.001
0.051	0.001	0.013	0.935
0.039	0.076	0.820	0.065
0.064	0.858	0.027	0.051
0.103	0.681	0.039	0.177
0.052	0.104	0.799	0.045
0.077	0.051	0.065	0.807
0.807	0.026	0.077	0.090
0.064	0.064	0.795	0.077
0.039	0.013	0.039	0.909
0.039	0.013	0.052	0.896
0.076	0.039	0.064	0.821
>CTGCAACGTATT	10-CTGCAACGTATT	11.563877	-65.689805	0	T:27.0(0.05%),B:1.9(0.00%),P:1e-28	Tpos:72.7,Tstd:39.7,Bpos:75.2,Bstd:21.1,StrandBias:0.5,Multiplicity:1.00
0.034	0.900	0.022	0.044
0.075	0.001	0.022	0.902
0.022	0.045	0.878	0.055
0.033	0.806	0.150	0.011
0.902	0.022	0.011	0.065
0.868	0.033	0.033	0.066
0.045	0.579	0.215	0.161
0.049	0.066	0.829	0.056
0.033	0.033	0.033	0.901
0.888	0.043	0.024	0.045
0.162	0.033	0.078	0.727
0.055	0.044	0.056	0.845
>ACCGCTGTGGTG	11-ACCGCTGTGGTG	11.503999	-65.689805	0	T:27.0(0.05%),B:2.0(0.00%),P:1e-28	Tpos:78.9,Tstd:40.9,Bpos:70.8,Bstd:15.6,StrandBias:0.8,Multiplicity:1.00
0.900	0.001	0.098	0.001
0.001	0.997	0.001	0.001
0.120	0.839	0.001	0.040
0.001	0.098	0.861	0.040
0.001	0.900	0.001	0.098
0.001	0.001	0.001	0.997
0.001	0.001	0.997	0.001
0.001	0.001	0.098	0.900
0.001	0.001	0.900	0.098
0.098	0.098	0.803	0.001
0.001	0.001	0.001	0.997
0.001	0.001	0.900	0.098
>ACAATTATGTGT	12-ACAATTATGTGT	13.041064	-64.322546	0	T:33.0(0.06%),B:2.9(0.00%),P:1e-27	Tpos:74.8,Tstd:40.1,Bpos:49.1,Bstd:24.2,StrandBias:0.3,Multiplicity:1.00
0.589	0.409	0.001	0.001
0.001	0.997	0.001	0.001
0.903	0.095	0.001	0.001
0.997	0.001	0.001	0.001
0.001	0.095	0.001	0.903
0.001	0.001	0.001	0.997
0.997	0.001	0.001	0.001
0.001	0.095	0.001	0.903
0.001	0.319	0.679	0.001
0.001	0.001	0.095	0.903
0.001	0.001	0.997	0.001
0.001	0.001	0.001	0.997
>GCTGACCCCCCC	13-GCTGACCCCCCC	11.841506	-62.385926	0	T:26.0(0.04%),B:1.3(0.00%),P:1e-27	Tpos:84.5,Tstd:40.8,Bpos:88.9,Bstd:27.9,StrandBias:0.0,Multiplicity:1.15
0.001	0.009	0.989	0.001
0.001	0.997	0.001	0.001
0.001	0.001	0.001	0.997
0.001	0.001	0.997	0.001
0.989	0.001	0.001	0.009
0.001	0.979	0.010	0.010
0.001	0.997	0.001	0.001
0.001	0.989	0.009	0.001
0.009	0.989	0.001	0.001
0.009	0.989	0.001	0.001
0.001	0.997	0.001	0.001
0.001	0.997	0.001	0.001
>AAGGGGGAACTA	14-AAGGGGGAACTA	12.877579	-62.385926	0	T:26.0(0.04%),B:1.8(0.00%),P:1e-27	Tpos:78.3,Tstd:41.4,Bpos:28.9,Bstd:6.6,StrandBias:-0.4,Multiplicity:1.00
0.997	0.001	0.001	0.001
0.858	0.001	0.140	0.001
0.001	0.286	0.632	0.081
0.001	0.001	0.742	0.256
0.001	0.001	0.928	0.070
0.140	0.001	0.858	0.001
0.001	0.001	0.997	0.001
0.858	0.140	0.001	0.001
0.776	0.222	0.001	0.001
0.001	0.997	0.001	0.001
0.001	0.070	0.001	0.928
0.928	0.001	0.070	0.001
>GACGGGGCGGCT	15-GACGGGGCGGCT	11.623552	-59.980641	0	T:65.0(0.11%),B:12.5(0.02%),P:1e-26	Tpos:76.9,Tstd:41.8,Bpos:66.4,Bstd:37.4,StrandBias:0.2,Multiplicity:1.62
0.001	0.001	0.997	0.001
0.997	0.001	0.001	0.001
0.035	0.963	0.001	0.001
0.118	0.035	0.764	0.083
0.001	0.001	0.997	0.001
0.001	0.001	0.916	0.082
0.001	0.001	0.997	0.001
0.001	0.963	0.001	0.035
0.249	0.001	0.667	0.083
0.001	0.082	0.916	0.001
0.001	0.937	0.001	0.061
0.083	0.336	0.083	0.499
>TGAGAAGTGAGG	16-TGAGAAGTGAGG	13.778673	-50.579191	0	T:28.0(0.05%),B:2.5(0.00%),P:1e-21	Tpos:80.1,Tstd:40.5,Bpos:101.0,Bstd:31.7,StrandBias:0.1,Multiplicity:1.32
0.001	0.001	0.001	0.997
0.043	0.043	0.913	0.001
0.913	0.043	0.001	0.043
0.281	0.001	0.703	0.015
0.706	0.250	0.001	0.043
0.911	0.001	0.045	0.043
0.001	0.001	0.956	0.042
0.001	0.042	0.001	0.956
0.289	0.008	0.702	0.001
0.997	0.001	0.001	0.001
0.001	0.001	0.997	0.001
0.237	0.043	0.677	0.043
>CATCTGCGGGAT	17-CATCTGCGGGAT	10.855284	-47.930838	0	T:27.0(0.05%),B:2.0(0.00%),P:1e-20	Tpos:65.4,Tstd:40.1,Bpos:40.3,Bstd:31.6,StrandBias:0.3,Multiplicity:1.00
0.020	0.900	0.030	0.050
0.804	0.116	0.050	0.030
0.040	0.031	0.071	0.858
0.030	0.934	0.026	0.010
0.051	0.010	0.010	0.929
0.050	0.050	0.849	0.051
0.069	0.661	0.122	0.148
0.041	0.040	0.848	0.071
0.051	0.040	0.839	0.070
0.070	0.051	0.809	0.070
0.850	0.030	0.050	0.070
0.079	0.081	0.090	0.750
>ACCTCCCTCCCG	18-ACCTCCCTCCCG	11.794386	-47.119600	0	T:31.0(0.05%),B:3.3(0.01%),P:1e-20	Tpos:75.5,Tstd:41.4,Bpos:93.0,Bstd:24.3,StrandBias:0.1,Multiplicity:1.29
0.997	0.001	0.001	0.001
0.028	0.934	0.010	0.028
0.001	0.989	0.001	0.009
0.001	0.001	0.001	0.997
0.001	0.989	0.001	0.009
0.009	0.989	0.001	0.001
0.001	0.997	0.001	0.001
0.001	0.001	0.001	0.997
0.001	0.997	0.001	0.001
0.001	0.981	0.009	0.009
0.001	0.997	0.001	0.001
0.001	0.001	0.997	0.001
>CCGAGTTCACGC	19-CCGAGTTCACGC	10.609662	-47.047279	0	T:276.0(0.46%),B:149.8(0.25%),P:1e-20	Tpos:75.7,Tstd:40.3,Bpos:73.4,Bstd:40.6,StrandBias:-0.1,Multiplicity:1.02
0.050	0.866	0.036	0.048
0.134	0.632	0.069	0.165
0.150	0.116	0.652	0.082
0.781	0.031	0.109	0.079
0.064	0.060	0.818	0.058
0.196	0.066	0.075	0.663
0.031	0.078	0.055	0.836
0.021	0.902	0.036	0.041
0.754	0.090	0.091	0.065
0.110	0.588	0.168	0.134
0.129	0.093	0.691	0.087
0.048	0.819	0.063	0.070
>AGGCCAAGGGCA	20-AGGCCAAGGGCA	13.063750	-43.409169	0	T:20.0(0.03%),B:1.6(0.00%),P:1e-18	Tpos:69.0,Tstd:36.4,Bpos:84.1,Bstd:18.5,StrandBias:0.6,Multiplicity:1.00
0.997	0.001	0.001	0.001
0.024	0.001	0.974	0.001
0.001	0.024	0.814	0.161
0.024	0.974	0.001	0.001
0.001	0.949	0.001	0.049
0.974	0.001	0.024	0.001
0.731	0.137	0.001	0.131
0.070	0.248	0.519	0.163
0.072	0.001	0.831	0.096
0.001	0.024	0.814	0.161
0.024	0.903	0.072	0.001
0.951	0.001	0.024	0.024
>TTGMTTGSTTGC	21-TTGMTTGSTTGC	12.830336	-42.744037	0	T:25.0(0.04%),B:3.0(0.00%),P:1e-18	Tpos:79.2,Tstd:31.2,Bpos:60.3,Bstd:30.8,StrandBias:0.7,Multiplicity:1.00
0.001	0.021	0.001	0.977
0.041	0.081	0.120	0.758
0.040	0.001	0.958	0.001
0.470	0.489	0.040	0.001
0.243	0.001	0.001	0.755
0.001	0.001	0.001	0.997
0.001	0.001	0.997	0.001
0.158	0.398	0.436	0.008
0.083	0.001	0.001	0.915
0.001	0.001	0.001	0.997
0.081	0.042	0.876	0.001
0.163	0.835	0.001	0.001
>AAAACCGCGCAA	22-AAAACCGCGCAA	10.409522	-40.208391	0	T:24.0(0.04%),B:2.8(0.00%),P:1e-17	Tpos:68.9,Tstd:38.6,Bpos:77.0,Bstd:36.8,StrandBias:-0.7,Multiplicity:1.00
0.700	0.100	0.100	0.100
0.700	0.100	0.100	0.100
0.700	0.100	0.100	0.100
0.700	0.100	0.100	0.100
0.100	0.700	0.100	0.100
0.100	0.700	0.100	0.100
0.100	0.100	0.700	0.100
0.100	0.700	0.100	0.100
0.100	0.100	0.700	0.100
0.100	0.700	0.100	0.100
0.700	0.100	0.100	0.100
0.700	0.100	0.100	0.100
>TCTAGCGAAACA	23-TCTAGCGAAACA	10.409522	-37.713300	0	T:23.0(0.04%),B:2.1(0.00%),P:1e-16	Tpos:76.0,Tstd:33.0,Bpos:77.4,Bstd:52.8,StrandBias:0.6,Multiplicity:1.00
0.100	0.100	0.100	0.700
0.100	0.700	0.100	0.100
0.100	0.100	0.100	0.700
0.700	0.100	0.100	0.100
0.100	0.100	0.700	0.100
0.100	0.700	0.100	0.100
0.100	0.100	0.700	0.100
0.700	0.100	0.100	0.100
0.700	0.100	0.100	0.100
0.700	0.100	0.100	0.100
0.100	0.700	0.100	0.100
0.700	0.100	0.100	0.100
>ATGTATCGAGCT	24-ATGTATCGAGCT	12.293102	-37.713300	0	T:23.0(0.04%),B:2.1(0.00%),P:1e-16	Tpos:69.2,Tstd:34.8,Bpos:61.8,Bstd:21.3,StrandBias:0.4,Multiplicity:1.00
0.997	0.001	0.001	0.001
0.001	0.001	0.040	0.958
0.001	0.040	0.958	0.001
0.001	0.001	0.001	0.997
0.997	0.001	0.001	0.001
0.001	0.001	0.001	0.997
0.041	0.731	0.001	0.227
0.358	0.041	0.560	0.041
0.958	0.001	0.001	0.040
0.001	0.040	0.958	0.001
0.001	0.917	0.041	0.041
0.001	0.001	0.001	0.997
>CTACCTTCCTTC	25-CTACCTTCCTTC	10.823882	-29.035924	0	T:208.0(0.35%),B:121.9(0.20%),P:1e-12	Tpos:71.3,Tstd:38.7,Bpos:80.6,Bstd:37.6,StrandBias:-0.6,Multiplicity:1.20
0.025	0.876	0.034	0.065
0.052	0.088	0.007	0.853
0.634	0.101	0.127	0.138
0.042	0.855	0.027	0.076
0.068	0.859	0.016	0.057
0.039	0.067	0.013	0.881
0.067	0.043	0.100	0.790
0.027	0.868	0.035	0.070
0.046	0.878	0.010	0.066
0.015	0.119	0.008	0.858
0.064	0.051	0.040	0.845
0.052	0.805	0.043	0.100
