>TAGTACCA	1-TAGTACCA	5.227503	-49.780732	0	T:7937.0(13.34%),B:7204.8(12.03%),P:1e-21	Tpos:74.6,Tstd:41.3,Bpos:74.0,Bstd:41.9,StrandBias:-0.0,Multiplicity:1.08
0.093	0.071	0.029	0.807
0.776	0.121	0.078	0.025
0.118	0.099	0.751	0.032
0.074	0.109	0.058	0.759
0.736	0.053	0.052	0.159
0.128	0.765	0.035	0.072
0.091	0.722	0.138	0.049
0.688	0.191	0.045	0.076
>CAGCCTGG	2-CAGCCTGG	6.714647	-43.985992	0	T:10955.0(18.41%),B:10181.7(17.00%),P:1e-19	Tpos:73.7,Tstd:41.0,Bpos:74.1,Bstd:42.2,StrandBias:-0.0,Multiplicity:1.08
0.099	0.867	0.033	0.001
0.959	0.039	0.001	0.001
0.082	0.001	0.812	0.105
0.101	0.740	0.123	0.036
0.065	0.905	0.001	0.029
0.041	0.014	0.050	0.895
0.001	0.001	0.973	0.025
0.001	0.001	0.997	0.001
>CACGAGDG	3-CACGAGDG	6.171770	-43.638165	0	T:3062.0(5.14%),B:2617.9(4.37%),P:1e-18	Tpos:74.3,Tstd:40.4,Bpos:73.2,Bstd:39.5,StrandBias:-0.0,Multiplicity:1.04
0.165	0.764	0.001	0.070
0.728	0.001	0.001	0.270
0.001	0.997	0.001	0.001
0.001	0.001	0.875	0.123
0.704	0.001	0.294	0.001
0.001	0.001	0.997	0.001
0.351	0.001	0.382	0.266
0.068	0.357	0.574	0.001
>GCGTGATC	4-GCGTGATC	4.946883	-42.565139	0	T:5528.0(9.29%),B:4952.0(8.27%),P:1e-18	Tpos:74.7,Tstd:41.4,Bpos:74.5,Bstd:40.6,StrandBias:0.0,Multiplicity:1.09
0.126	0.086	0.749	0.039
0.067	0.806	0.044	0.083
0.053	0.070	0.814	0.063
0.093	0.102	0.096	0.709
0.065	0.142	0.727	0.066
0.821	0.095	0.054	0.030
0.134	0.074	0.080	0.712
0.112	0.666	0.085	0.137
>TGATVTTC	5-TGATVTTC	6.585394	-36.291906	0	T:1976.0(3.32%),B:1650.4(2.76%),P:1e-15	Tpos:76.0,Tstd:41.2,Bpos:74.0,Bstd:41.2,StrandBias:-0.0,Multiplicity:1.02
0.001	0.001	0.353	0.645
0.001	0.001	0.997	0.001
0.955	0.001	0.043	0.001
0.001	0.001	0.001	0.997
0.413	0.270	0.316	0.001
0.001	0.001	0.001	0.997
0.001	0.058	0.001	0.940
0.001	0.988	0.010	0.001
>GAATCACA	6-GAATCACA	7.675218	-34.520196	0	T:3132.0(5.26%),B:2735.7(4.57%),P:1e-14	Tpos:74.8,Tstd:41.5,Bpos:75.1,Bstd:42.5,StrandBias:-0.1,Multiplicity:1.02
0.001	0.001	0.997	0.001
0.777	0.221	0.001	0.001
0.997	0.001	0.001	0.001
0.001	0.193	0.001	0.805
0.001	0.629	0.369	0.001
0.600	0.398	0.001	0.001
0.166	0.832	0.001	0.001
0.592	0.001	0.001	0.406
>GTATAAAC	7-GTATAAAC	6.575872	-34.350110	0	T:1199.0(2.01%),B:953.4(1.59%),P:1e-14	Tpos:76.9,Tstd:41.0,Bpos:74.4,Bstd:43.3,StrandBias:-0.0,Multiplicity:1.03
0.001	0.001	0.997	0.001
0.001	0.001	0.001	0.997
0.997	0.001	0.001	0.001
0.001	0.001	0.001	0.997
0.585	0.001	0.413	0.001
0.958	0.001	0.001	0.040
0.475	0.001	0.231	0.293
0.001	0.997	0.001	0.001
>AGTAAGAG	8-AGTAAGAG	5.658272	-34.204217	0	T:4564.0(7.67%),B:4094.7(6.84%),P:1e-14	Tpos:74.6,Tstd:41.2,Bpos:73.5,Bstd:41.7,StrandBias:-0.0,Multiplicity:1.05
0.755	0.013	0.193	0.039
0.236	0.021	0.564	0.179
0.047	0.179	0.133	0.641
0.539	0.128	0.166	0.167
0.655	0.275	0.037	0.033
0.032	0.254	0.597	0.117
0.690	0.018	0.267	0.025
0.122	0.173	0.464	0.241
>AGGTGGCG	9-AGGTGGCG	6.653105	-30.736718	0	T:977.0(1.64%),B:768.7(1.28%),P:1e-13	Tpos:76.6,Tstd:42.5,Bpos:71.8,Bstd:41.8,StrandBias:-0.3,Multiplicity:1.02
0.931	0.067	0.001	0.001
0.184	0.001	0.814	0.001
0.001	0.001	0.974	0.024
0.001	0.001	0.001	0.997
0.001	0.001	0.997	0.001
0.001	0.001	0.997	0.001
0.001	0.997	0.001	0.001
0.001	0.001	0.997	0.001
>AACAAACC	10-AACAAACC	9.963982	-28.379843	0	T:1098.0(1.84%),B:885.8(1.48%),P:1e-12	Tpos:74.0,Tstd:41.9,Bpos:74.4,Bstd:40.7,StrandBias:0.1,Multiplicity:1.01
0.997	0.001	0.001	0.001
0.997	0.001	0.001	0.001
0.001	0.997	0.001	0.001
0.997	0.001	0.001	0.001
0.885	0.001	0.113	0.001
0.997	0.001	0.001	0.001
0.001	0.625	0.373	0.001
0.001	0.997	0.001	0.001
>GCCGCGCC	11-GCCGCGCC	6.086806	-27.678630	0	T:3136.0(5.27%),B:2784.6(4.65%),P:1e-12	Tpos:75.6,Tstd:40.7,Bpos:74.4,Bstd:37.4,StrandBias:0.0,Multiplicity:1.36
0.136	0.064	0.799	0.001
0.001	0.963	0.016	0.020
0.090	0.600	0.232	0.078
0.001	0.378	0.620	0.001
0.001	0.720	0.278	0.001
0.001	0.001	0.955	0.043
0.057	0.747	0.001	0.195
0.194	0.740	0.065	0.001
>TCCATGTG	12-TCCATGTG	6.923655	-25.982893	0	T:3426.0(5.76%),B:3072.8(5.13%),P:1e-11	Tpos:73.2,Tstd:42.0,Bpos:75.0,Bstd:42.3,StrandBias:0.0,Multiplicity:1.05
0.024	0.047	0.033	0.896
0.001	0.973	0.001	0.025
0.043	0.955	0.001	0.001
0.851	0.071	0.033	0.045
0.029	0.036	0.058	0.877
0.001	0.220	0.778	0.001
0.026	0.026	0.091	0.857
0.001	0.033	0.965	0.001
>TATGGTGA	13-TATGGTGA	7.470255	-24.451574	0	T:1562.0(2.62%),B:1327.5(2.22%),P:1e-10	Tpos:74.2,Tstd:42.0,Bpos:73.5,Bstd:42.5,StrandBias:-0.0,Multiplicity:1.02
0.001	0.001	0.001	0.997
0.997	0.001	0.001	0.001
0.001	0.001	0.001	0.997
0.001	0.001	0.997	0.001
0.001	0.162	0.836	0.001
0.001	0.081	0.001	0.917
0.183	0.124	0.692	0.001
0.997	0.001	0.001	0.001
>TCAACSCG	14-TCAACSCG	8.242227	-22.367767	0	T:113.0(0.19%),B:59.4(0.10%),P:1e-9	Tpos:72.3,Tstd:41.8,Bpos:63.4,Bstd:38.5,StrandBias:-0.3,Multiplicity:1.01
0.001	0.001	0.001	0.997
0.001	0.737	0.001	0.261
0.755	0.001	0.243	0.001
0.755	0.001	0.243	0.001
0.001	0.997	0.001	0.001
0.001	0.430	0.568	0.001
0.001	0.997	0.001	0.001
0.306	0.001	0.692	0.001
>CAWAAARA	15-CAWAAARA	7.042531	-20.653042	0	T:9229.0(15.51%),B:8763.1(14.63%),P:1e-8	Tpos:74.7,Tstd:41.6,Bpos:74.0,Bstd:41.6,StrandBias:-0.0,Multiplicity:1.24
0.291	0.557	0.041	0.111
0.652	0.001	0.194	0.153
0.521	0.074	0.001	0.404
0.997	0.001	0.001	0.001
0.598	0.400	0.001	0.001
0.577	0.284	0.138	0.001
0.483	0.001	0.515	0.001
0.997	0.001	0.001	0.001
>TGAGTGAG	16-TGAGTGAG	8.145715	-20.314046	0	T:1860.0(3.13%),B:1629.5(2.72%),P:1e-8	Tpos:75.0,Tstd:41.9,Bpos:74.1,Bstd:41.6,StrandBias:-0.1,Multiplicity:1.05
0.001	0.350	0.001	0.648
0.001	0.001	0.607	0.391
0.997	0.001	0.001	0.001
0.001	0.001	0.997	0.001
0.001	0.363	0.001	0.635
0.001	0.001	0.625	0.373
0.997	0.001	0.001	0.001
0.001	0.001	0.997	0.001
>AAGGCAGG	17-AAGGCAGG	10.508445	-17.704495	0	T:1084.0(1.82%),B:920.9(1.54%),P:1e-7	Tpos:75.6,Tstd:40.5,Bpos:73.0,Bstd:43.6,StrandBias:0.0,Multiplicity:1.01
0.997	0.001	0.001	0.001
0.935	0.063	0.001	0.001
0.001	0.001	0.997	0.001
0.001	0.001	0.997	0.001
0.332	0.666	0.001	0.001
0.911	0.087	0.001	0.001
0.001	0.001	0.997	0.001
0.001	0.001	0.997	0.001
>GSCGGTAC	18-GSCGGTAC	7.337015	-17.659289	0	T:136.0(0.23%),B:82.7(0.14%),P:1e-7	Tpos:72.5,Tstd:45.0,Bpos:75.7,Bstd:34.2,StrandBias:-0.2,Multiplicity:1.01
0.001	0.009	0.989	0.001
0.156	0.389	0.337	0.118
0.162	0.638	0.199	0.001
0.001	0.162	0.836	0.001
0.132	0.001	0.866	0.001
0.001	0.001	0.001	0.997
0.700	0.143	0.001	0.156
0.001	0.667	0.143	0.189
>GCGCAGTM	19-GCGCAGTM	7.032990	-17.233588	0	T:998.0(1.68%),B:843.9(1.41%),P:1e-7	Tpos:77.4,Tstd:41.6,Bpos:76.6,Bstd:42.3,StrandBias:0.0,Multiplicity:1.01
0.090	0.093	0.816	0.001
0.001	0.997	0.001	0.001
0.001	0.166	0.832	0.001
0.070	0.775	0.004	0.151
0.684	0.001	0.260	0.055
0.001	0.112	0.886	0.001
0.107	0.001	0.001	0.891
0.483	0.438	0.078	0.001
>ACTCATGT	20-ACTCATGT	8.236954	-15.679147	0	T:280.0(0.47%),B:204.2(0.34%),P:1e-6	Tpos:75.8,Tstd:40.5,Bpos:71.3,Bstd:43.0,StrandBias:0.1,Multiplicity:1.00
0.700	0.100	0.100	0.100
0.100	0.700	0.100	0.100
0.100	0.100	0.100	0.700
0.100	0.700	0.100	0.100
0.700	0.100	0.100	0.100
0.100	0.100	0.100	0.700
0.100	0.100	0.700	0.100
0.100	0.100	0.100	0.700
>CGTTATGT	21-CGTTATGT	8.236954	-15.100299	0	T:54.0(0.09%),B:25.9(0.04%),P:1e-6	Tpos:79.8,Tstd:45.2,Bpos:72.1,Bstd:41.0,StrandBias:0.6,Multiplicity:1.00
0.100	0.700	0.100	0.100
0.100	0.100	0.700	0.100
0.100	0.100	0.100	0.700
0.100	0.100	0.100	0.700
0.700	0.100	0.100	0.100
0.100	0.100	0.100	0.700
0.100	0.100	0.700	0.100
0.100	0.100	0.100	0.700
>CACTTCTC	22-CACTTCTC	9.662825	-12.966845	0	T:988.0(1.66%),B:857.9(1.43%),P:1e-5	Tpos:72.6,Tstd:40.5,Bpos:73.7,Bstd:41.8,StrandBias:0.1,Multiplicity:1.03
0.001	0.997	0.001	0.001
0.997	0.001	0.001	0.001
0.001	0.997	0.001	0.001
0.001	0.001	0.001	0.997
0.001	0.001	0.001	0.997
0.001	0.997	0.001	0.001
0.001	0.001	0.001	0.997
0.001	0.753	0.245	0.001
>GAAGTTAG	23-GAAGTTAG	8.236954	-12.810333	0	T:256.0(0.43%),B:191.8(0.32%),P:1e-5	Tpos:74.6,Tstd:41.4,Bpos:70.8,Bstd:41.5,StrandBias:0.1,Multiplicity:1.00
0.100	0.100	0.700	0.100
0.700	0.100	0.100	0.100
0.700	0.100	0.100	0.100
0.100	0.100	0.700	0.100
0.100	0.100	0.100	0.700
0.100	0.100	0.100	0.700
0.700	0.100	0.100	0.100
0.100	0.100	0.700	0.100
>GGCCCGCA	24-GGCCCGCA	8.236954	-10.067043	0	T:89.0(0.15%),B:57.6(0.10%),P:1e-4	Tpos:74.8,Tstd:40.5,Bpos:70.3,Bstd:38.4,StrandBias:0.2,Multiplicity:1.09
0.100	0.100	0.700	0.100
0.100	0.100	0.700	0.100
0.100	0.700	0.100	0.100
0.100	0.700	0.100	0.100
0.100	0.700	0.100	0.100
0.100	0.100	0.700	0.100
0.100	0.700	0.100	0.100
0.700	0.100	0.100	0.100
>CGCGGGTA	25-CGCGGGTA	8.236954	-5.219318	0	T:15.0(0.03%),B:7.7(0.01%),P:1e-2	Tpos:77.6,Tstd:38.5,Bpos:102.8,Bstd:21.3,StrandBias:-0.4,Multiplicity:1.00
0.100	0.700	0.100	0.100
0.100	0.100	0.700	0.100
0.100	0.700	0.100	0.100
0.100	0.100	0.700	0.100
0.100	0.100	0.700	0.100
0.100	0.100	0.700	0.100
0.100	0.100	0.100	0.700
0.700	0.100	0.100	0.100
