>TTGTTATGCAAA	5-TTGTTATGCAAA,BestGuess:Pou5f1::Sox2/MA0142.1/Jaspar(0.930)	8.071161	-2434.186542	0	T:3816.0(6.35%),B:964.7(1.63%),P:1e-1057
0.028	0.030	0.031	0.911
0.143	0.002	0.055	0.800
0.055	0.194	0.680	0.071
0.250	0.040	0.018	0.692
0.093	0.261	0.203	0.443
0.741	0.020	0.015	0.224
0.048	0.004	0.033	0.915
0.024	0.037	0.733	0.206
0.042	0.719	0.039	0.200
0.796	0.007	0.001	0.196
0.707	0.058	0.163	0.072
0.896	0.037	0.063	0.004
