>TACTGCTAGACC	18-GGTCTAGCAGTA	11.167633	-384.855048	0	T:146.0(0.24%),B:4.2(0.01%),P:1e-167
0.003	0.101	0.001	0.895
0.818	0.180	0.001	0.001
0.001	0.909	0.089	0.001
0.001	0.253	0.015	0.731
0.241	0.001	0.742	0.016
0.089	0.804	0.106	0.001
0.016	0.016	0.001	0.967
0.984	0.001	0.001	0.014
0.105	0.001	0.804	0.090
0.871	0.104	0.010	0.015
0.015	0.983	0.001	0.001
0.015	0.894	0.001	0.090
