>CCTTTGTBHTGC	11-CCTTTGTBHTGC	7.671073	-1023.729828	0	T:6388.0(10.63%),B:3466.0(5.84%),P:1e-444
0.001	0.707	0.112	0.180
0.001	0.634	0.001	0.364
0.091	0.001	0.001	0.907
0.002	0.260	0.012	0.726
0.002	0.001	0.025	0.972
0.034	0.058	0.906	0.002
0.067	0.016	0.001	0.916
0.087	0.349	0.290	0.274
0.371	0.292	0.026	0.311
0.137	0.050	0.208	0.605
0.014	0.274	0.439	0.273
0.209	0.417	0.214	0.160
