>ATTCCATTCGAT	16-ATTCCATTCGAT	4.034759	-428.262392	0	T:26463.0(44.03%),B:22659.7(38.21%),P:1e-185
0.662	0.097	0.087	0.154
0.094	0.100	0.091	0.715
0.074	0.089	0.103	0.734
0.095	0.640	0.167	0.098
0.088	0.776	0.058	0.078
0.695	0.120	0.059	0.126
0.114	0.094	0.102	0.690
0.084	0.099	0.103	0.714
0.122	0.534	0.163	0.181
0.153	0.145	0.584	0.118
0.639	0.131	0.108	0.122
0.170	0.107	0.110	0.613
