>GGTCTAGCAGTA	18-GGTCTAGCAGTA,BestGuess:Smad4/MA1153.1/Jaspar(0.644)	11.167633	-384.855048	0	T:146.0(0.24%),B:4.2(0.01%),P:1e-167
0.090	0.001	0.894	0.015
0.001	0.001	0.983	0.015
0.015	0.010	0.104	0.871
0.090	0.804	0.001	0.105
0.014	0.001	0.001	0.984
0.967	0.001	0.016	0.016
0.001	0.106	0.804	0.089
0.016	0.742	0.001	0.241
0.731	0.015	0.253	0.001
0.001	0.089	0.909	0.001
0.001	0.001	0.180	0.818
0.895	0.001	0.101	0.003
