>TKYTDATGTTAA	24-TKYTDATGTTAA	9.816659	-214.702069	0	T:125.0(0.21%),B:9.1(0.02%),P:1e-93
0.099	0.004	0.185	0.712
0.011	0.213	0.357	0.419
0.035	0.356	0.220	0.390
0.248	0.175	0.019	0.558
0.228	0.182	0.353	0.237
0.506	0.036	0.205	0.253
0.194	0.247	0.008	0.551
0.006	0.269	0.693	0.032
0.117	0.011	0.037	0.835
0.017	0.244	0.061	0.678
0.870	0.013	0.104	0.013
0.972	0.013	0.013	0.002
