>CTVATTWGCATA	9-CTVATTWGCATA	6.766257	-1258.042566	0	T:6109.0(10.16%),B:3023.1(5.10%),P:1e-546
0.048	0.579	0.189	0.184
0.170	0.162	0.015	0.653
0.319	0.307	0.250	0.124
0.844	0.101	0.021	0.034
0.022	0.026	0.022	0.930
0.009	0.095	0.023	0.873
0.544	0.014	0.013	0.429
0.224	0.056	0.697	0.023
0.015	0.955	0.029	0.001
0.908	0.042	0.001	0.049
0.251	0.067	0.174	0.508
0.481	0.132	0.244	0.143
