>TTTGCATAACAA	5-TTGTTATGCAAA	8.071161	-2434.186542	0	T:3816.0(6.35%),B:964.7(1.63%),P:1e-1057
0.004	0.063	0.037	0.896
0.072	0.163	0.058	0.707
0.196	0.001	0.007	0.796
0.200	0.039	0.719	0.042
0.206	0.733	0.037	0.024
0.915	0.033	0.004	0.048
0.224	0.015	0.020	0.741
0.443	0.203	0.261	0.093
0.692	0.018	0.040	0.250
0.071	0.680	0.194	0.055
0.800	0.055	0.002	0.143
0.911	0.031	0.030	0.028
