>AYAGCGCCCCCT	3-AYAGCGCCCCCT	8.323418	-3925.363605	0	T:5917.0(9.85%),B:1465.1(2.47%),P:1e-1704
0.628	0.148	0.142	0.082
0.089	0.273	0.239	0.399
0.705	0.040	0.194	0.061
0.032	0.088	0.858	0.022
0.056	0.814	0.045	0.085
0.096	0.072	0.638	0.194
0.038	0.887	0.039	0.036
0.033	0.881	0.037	0.049
0.147	0.693	0.060	0.100
0.025	0.750	0.027	0.198
0.021	0.922	0.017	0.040
0.068	0.059	0.048	0.825
