>CCGTCACGTGAC	23-CCGTCACGTGAC	9.004059	-266.491669	0	T:755.0(1.26%),B:285.0(0.48%),P:1e-115
0.046	0.654	0.249	0.051
0.076	0.513	0.275	0.136
0.107	0.141	0.706	0.046
0.012	0.130	0.102	0.756
0.009	0.977	0.003	0.011
0.950	0.017	0.019	0.014
0.013	0.884	0.057	0.046
0.041	0.054	0.896	0.009
0.008	0.017	0.019	0.956
0.008	0.013	0.973	0.006
0.835	0.058	0.095	0.012
0.010	0.903	0.063	0.024
