>CTGCGCATGCGC	15-GCGCATGCGCAG	8.982896	-480.647644	0	T:2562.0(4.26%),B:1296.1(2.19%),P:1e-208
0.078	0.535	0.215	0.172
0.069	0.118	0.131	0.682
0.064	0.016	0.915	0.005
0.056	0.868	0.064	0.012
0.024	0.012	0.961	0.003
0.011	0.961	0.015	0.013
0.743	0.150	0.046	0.061
0.051	0.068	0.144	0.737
0.008	0.025	0.953	0.014
0.021	0.946	0.017	0.016
0.011	0.062	0.880	0.047
0.014	0.820	0.011	0.155
