>GCGCATGCGCAG	15-GCGCATGCGCAG,BestGuess:NRF1(NRF)/MCF7-NRF1-ChIP-Seq(Unpublished)/Homer(0.996)	8.982896	-480.647644	0	T:2562.0(4.26%),B:1296.1(2.19%),P:1e-208
0.155	0.011	0.820	0.014
0.047	0.880	0.062	0.011
0.016	0.017	0.946	0.021
0.014	0.953	0.025	0.008
0.737	0.144	0.068	0.051
0.061	0.046	0.150	0.743
0.013	0.015	0.961	0.011
0.003	0.961	0.012	0.024
0.012	0.064	0.868	0.056
0.005	0.915	0.016	0.064
0.682	0.131	0.118	0.069
0.172	0.215	0.535	0.078
