>GRTGCAATCCCT	6-GRTGCAATCCCT	7.536591	-192.210832	0	T:180.0(18.00%),B:30144.2(2.91%),P:1e-83
0.193	0.101	0.580	0.126
0.392	0.096	0.368	0.144
0.058	0.001	0.077	0.864
0.001	0.030	0.924	0.045
0.073	0.870	0.001	0.056
0.960	0.001	0.038	0.001
0.885	0.082	0.032	0.001
0.001	0.134	0.063	0.802
0.115	0.680	0.118	0.087
0.051	0.578	0.174	0.197
0.001	0.788	0.074	0.137
0.153	0.077	0.050	0.720
