>GTGCAATCCCTC	12-GTGCAATCCCTC	9.406025	-31.297929	0	T:23.0(2.30%),B:2817.1(0.27%),P:1e-13
0.001	0.068	0.856	0.075
0.001	0.075	0.001	0.923
0.076	0.068	0.855	0.001
0.116	0.718	0.165	0.001
0.792	0.108	0.099	0.001
0.613	0.090	0.001	0.296
0.108	0.001	0.001	0.890
0.077	0.832	0.090	0.001
0.077	0.921	0.001	0.001
0.001	0.870	0.128	0.001
0.001	0.001	0.115	0.883
0.068	0.930	0.001	0.001
