>TTTCTATAGAAG	10-TTTCTATAGAAG	10.815739	-60.506096	0	T:36.0(3.60%),B:3006.8(0.29%),P:1e-26
0.039	0.001	0.147	0.813
0.001	0.001	0.075	0.923
0.029	0.001	0.001	0.969
0.022	0.817	0.109	0.052
0.157	0.062	0.001	0.780
0.614	0.147	0.208	0.031
0.096	0.085	0.071	0.748
0.792	0.001	0.125	0.082
0.076	0.034	0.833	0.057
0.917	0.055	0.001	0.027
0.971	0.001	0.001	0.027
0.035	0.057	0.832	0.076
