>CCCYCTRGTG	1-CCCYCTRGTG	8.792432	-11630.589678	0	T:9244.0(15.38%),B:1151.6(1.94%),P:1e-5051	Tpos:100.2,Tstd:34.3,Bpos:99.0,Bstd:60.2,StrandBias:-0.0,Multiplicity:1.03
0.026	0.966	0.002	0.006
0.002	0.995	0.002	0.001
0.410	0.584	0.005	0.001
0.003	0.566	0.007	0.424
0.001	0.995	0.003	0.001
0.001	0.010	0.005	0.984
0.384	0.005	0.498	0.112
0.016	0.252	0.687	0.045
0.059	0.079	0.025	0.837
0.001	0.001	0.997	0.001
>CCCCTAGTGG	2-CCCCTAGTGG	6.381812	-8734.787951	0	T:19862.0(33.05%),B:7303.1(12.33%),P:1e-3793	Tpos:100.0,Tstd:45.4,Bpos:101.2,Bstd:58.0,StrandBias:0.0,Multiplicity:1.10
0.020	0.947	0.016	0.017
0.209	0.650	0.045	0.096
0.009	0.720	0.023	0.248
0.006	0.962	0.013	0.019
0.045	0.115	0.012	0.828
0.634	0.057	0.192	0.117
0.060	0.135	0.686	0.119
0.147	0.097	0.036	0.720
0.017	0.010	0.939	0.034
0.019	0.029	0.915	0.037
>AGCGCCCTCT	3-AGCGCCCTCT	9.153012	-2594.785880	0	T:2337.0(3.89%),B:327.1(0.55%),P:1e-1126	Tpos:102.5,Tstd:40.5,Bpos:98.9,Bstd:65.0,StrandBias:-0.1,Multiplicity:1.01
0.756	0.065	0.102	0.077
0.046	0.101	0.815	0.038
0.057	0.856	0.028	0.059
0.042	0.020	0.866	0.072
0.058	0.879	0.040	0.023
0.049	0.844	0.051	0.056
0.262	0.650	0.046	0.042
0.033	0.350	0.022	0.595
0.050	0.881	0.027	0.042
0.078	0.045	0.019	0.858
>GGGGCGGGGC	4-GGGGCGGGGC	8.058098	-2296.157574	0	T:14352.0(23.88%),B:8045.5(13.59%),P:1e-997	Tpos:100.0,Tstd:51.7,Bpos:91.0,Bstd:57.6,StrandBias:0.1,Multiplicity:1.61
0.153	0.015	0.542	0.290
0.183	0.001	0.813	0.003
0.001	0.001	0.997	0.001
0.001	0.001	0.996	0.002
0.168	0.689	0.009	0.134
0.011	0.001	0.980	0.008
0.007	0.017	0.771	0.205
0.241	0.002	0.668	0.089
0.110	0.041	0.804	0.045
0.101	0.736	0.004	0.159
>NVMTGASTCA	5-NVMTGASTCA	8.256758	-2245.329798	0	T:4659.0(7.75%),B:1463.7(2.47%),P:1e-975	Tpos:100.3,Tstd:48.8,Bpos:100.3,Bstd:58.0,StrandBias:-0.0,Multiplicity:1.09
0.308	0.239	0.231	0.223
0.279	0.219	0.366	0.135
0.404	0.458	0.137	0.001
0.001	0.001	0.001	0.997
0.001	0.001	0.997	0.001
0.997	0.001	0.001	0.001
0.001	0.439	0.559	0.001
0.001	0.001	0.001	0.997
0.001	0.997	0.001	0.001
0.997	0.001	0.001	0.001
>AGGAATGTSV	6-AGGAATGTSV	5.838144	-2190.588748	0	T:10138.0(16.87%),B:5006.4(8.46%),P:1e-951	Tpos:101.3,Tstd:52.6,Bpos:99.5,Bstd:61.9,StrandBias:-0.1,Multiplicity:1.12
0.826	0.001	0.046	0.127
0.050	0.001	0.948	0.001
0.001	0.001	0.997	0.001
0.980	0.001	0.001	0.018
0.997	0.001	0.001	0.001
0.001	0.001	0.001	0.997
0.001	0.001	0.593	0.405
0.001	0.332	0.001	0.666
0.224	0.380	0.351	0.045
0.315	0.330	0.185	0.170
>NSYSATTGGY	7-NSYSATTGGY	5.794359	-1847.866880	0	T:13797.0(22.96%),B:8144.1(13.75%),P:1e-802	Tpos:100.0,Tstd:52.7,Bpos:94.8,Bstd:62.6,StrandBias:0.0,Multiplicity:1.22
0.217	0.200	0.294	0.289
0.055	0.386	0.381	0.177
0.004	0.399	0.109	0.488
0.126	0.401	0.295	0.178
0.981	0.001	0.017	0.001
0.001	0.001	0.001	0.997
0.045	0.001	0.001	0.953
0.214	0.001	0.706	0.079
0.108	0.001	0.594	0.297
0.141	0.477	0.054	0.328
>TATGYAAATB	8-TATGYAAATB	7.570044	-1842.688865	0	T:4170.0(6.94%),B:1384.5(2.34%),P:1e-800	Tpos:102.1,Tstd:54.7,Bpos:97.2,Bstd:63.3,StrandBias:-0.1,Multiplicity:1.07
0.204	0.152	0.194	0.450
0.870	0.001	0.071	0.058
0.001	0.001	0.001	0.997
0.029	0.024	0.946	0.001
0.001	0.528	0.034	0.437
0.676	0.001	0.015	0.308
0.782	0.001	0.176	0.041
0.934	0.046	0.019	0.001
0.038	0.127	0.149	0.686
0.121	0.283	0.318	0.279
>TTGHAATGCA	9-TTGHAATGCA	5.118366	-1471.104034	0	T:12760.0(21.23%),B:7818.0(13.20%),P:1e-638	Tpos:101.3,Tstd:54.4,Bpos:99.0,Bstd:62.6,StrandBias:0.0,Multiplicity:1.24
0.213	0.167	0.121	0.499
0.112	0.019	0.176	0.693
0.083	0.267	0.635	0.015
0.262	0.305	0.155	0.278
0.509	0.119	0.098	0.274
0.622	0.040	0.023	0.315
0.307	0.008	0.169	0.516
0.145	0.050	0.492	0.313
0.049	0.612	0.170	0.169
0.573	0.193	0.072	0.162
>TAACAAAGGM	10-TAACAAAGGM	8.135064	-1381.728330	0	T:5428.0(9.03%),B:2446.2(4.13%),P:1e-600	Tpos:100.2,Tstd:54.7,Bpos:100.2,Bstd:61.6,StrandBias:0.0,Multiplicity:1.07
0.312	0.001	0.199	0.488
0.528	0.137	0.255	0.080
0.997	0.001	0.001	0.001
0.001	0.997	0.001	0.001
0.997	0.001	0.001	0.001
0.997	0.001	0.001	0.001
0.997	0.001	0.001	0.001
0.212	0.167	0.620	0.001
0.214	0.162	0.623	0.001
0.313	0.413	0.261	0.013
>AACTGSCTTY	11-AACTGSCTTY	5.403407	-1049.962242	0	T:25001.0(41.60%),B:19348.4(32.68%),P:1e-455	Tpos:100.2,Tstd:56.5,Bpos:101.1,Bstd:61.6,StrandBias:-0.0,Multiplicity:1.20
0.564	0.031	0.259	0.146
0.741	0.001	0.257	0.001
0.332	0.580	0.074	0.014
0.206	0.066	0.001	0.727
0.299	0.081	0.560	0.060
0.001	0.541	0.457	0.001
0.032	0.888	0.001	0.079
0.150	0.056	0.001	0.793
0.001	0.287	0.158	0.554
0.112	0.393	0.037	0.457
>YAYTTCCGGY	12-YAYTTCCGGY	6.962429	-964.953757	0	T:9990.0(16.62%),B:6338.7(10.71%),P:1e-419	Tpos:100.3,Tstd:52.9,Bpos:96.5,Bstd:59.7,StrandBias:0.0,Multiplicity:1.18
0.198	0.390	0.167	0.246
0.475	0.091	0.324	0.110
0.001	0.527	0.019	0.453
0.011	0.001	0.001	0.987
0.074	0.001	0.001	0.924
0.001	0.997	0.001	0.001
0.001	0.997	0.001	0.001
0.001	0.001	0.762	0.236
0.001	0.219	0.597	0.183
0.114	0.356	0.144	0.385
>NTAATCAGCN	13-NTAATCAGCN	3.905260	-846.797535	0	T:23147.0(38.51%),B:18139.8(30.64%),P:1e-367	Tpos:99.7,Tstd:56.5,Bpos:100.6,Bstd:62.0,StrandBias:-0.0,Multiplicity:1.26
0.197	0.252	0.272	0.279
0.148	0.154	0.141	0.557
0.565	0.134	0.146	0.155
0.548	0.151	0.162	0.139
0.168	0.151	0.176	0.505
0.143	0.559	0.135	0.163
0.585	0.133	0.133	0.149
0.149	0.146	0.589	0.116
0.142	0.553	0.154	0.151
0.259	0.258	0.224	0.258
>VWCWGYAKGA	14-VWCWGYAKGA	5.934430	-779.737991	0	T:8335.0(13.87%),B:5300.9(8.95%),P:1e-338	Tpos:99.1,Tstd:52.9,Bpos:101.2,Bstd:60.3,StrandBias:-0.0,Multiplicity:1.07
0.261	0.368	0.260	0.111
0.504	0.024	0.006	0.466
0.024	0.726	0.009	0.241
0.390	0.208	0.052	0.350
0.255	0.194	0.546	0.005
0.018	0.543	0.004	0.435
0.424	0.137	0.229	0.210
0.026	0.108	0.505	0.361
0.026	0.013	0.733	0.228
0.454	0.245	0.291	0.009
>CGCCTTTTAA	15-CGCCTTTTAA	4.609635	-724.879989	0	T:23988.0(39.91%),B:19264.2(32.53%),P:1e-314	Tpos:100.4,Tstd:57.2,Bpos:99.3,Bstd:61.4,StrandBias:0.0,Multiplicity:1.22
0.118	0.657	0.128	0.097
0.088	0.109	0.691	0.112
0.072	0.720	0.118	0.090
0.073	0.745	0.090	0.092
0.089	0.123	0.061	0.727
0.072	0.091	0.105	0.732
0.069	0.103	0.111	0.717
0.111	0.147	0.118	0.624
0.693	0.101	0.119	0.087
0.692	0.107	0.115	0.086
>TKACGTMACC	16-TKACGTMACC	5.968596	-682.187323	0	T:3382.0(5.63%),B:1666.9(2.82%),P:1e-296	Tpos:101.4,Tstd:49.7,Bpos:91.2,Bstd:56.7,StrandBias:0.0,Multiplicity:1.06
0.048	0.003	0.052	0.897
0.138	0.176	0.336	0.350
0.674	0.026	0.299	0.001
0.116	0.657	0.108	0.119
0.212	0.033	0.623	0.132
0.022	0.285	0.001	0.692
0.277	0.387	0.179	0.156
0.724	0.056	0.176	0.044
0.104	0.429	0.278	0.190
0.238	0.394	0.166	0.202
>TGCGCATGCG	17-TGCGCATGCG	7.147926	-441.761514	0	T:2318.0(3.86%),B:1163.7(1.97%),P:1e-191	Tpos:100.4,Tstd:48.4,Bpos:90.2,Bstd:62.3,StrandBias:-0.0,Multiplicity:1.20
0.200	0.256	0.078	0.466
0.219	0.043	0.586	0.152
0.200	0.632	0.098	0.070
0.097	0.050	0.749	0.104
0.278	0.575	0.049	0.098
0.747	0.090	0.042	0.121
0.102	0.077	0.177	0.644
0.085	0.061	0.727	0.127
0.119	0.720	0.045	0.116
0.088	0.137	0.641	0.134
>TACAATTCCC	18-TACAATTCCC	9.660908	-297.853208	0	T:815.0(1.36%),B:300.8(0.51%),P:1e-129	Tpos:101.3,Tstd:49.9,Bpos:93.6,Bstd:64.6,StrandBias:-0.0,Multiplicity:1.08
0.025	0.016	0.044	0.915
0.997	0.001	0.001	0.001
0.001	0.997	0.001	0.001
0.997	0.001	0.001	0.001
0.571	0.043	0.034	0.352
0.091	0.164	0.096	0.649
0.001	0.010	0.009	0.980
0.020	0.978	0.001	0.001
0.001	0.978	0.003	0.018
0.001	0.988	0.001	0.010
>CCATGGCAAC	19-CCATGGCAAC	11.099443	-244.494424	0	T:519.0(0.86%),B:163.4(0.28%),P:1e-106	Tpos:103.3,Tstd:46.5,Bpos:97.6,Bstd:55.7,StrandBias:0.2,Multiplicity:1.12
0.001	0.997	0.001	0.001
0.001	0.997	0.001	0.001
0.997	0.001	0.001	0.001
0.001	0.001	0.001	0.997
0.113	0.001	0.885	0.001
0.001	0.001	0.997	0.001
0.124	0.802	0.001	0.073
0.997	0.001	0.001	0.001
0.997	0.001	0.001	0.001
0.001	0.997	0.001	0.001
>GTCACGTGGT	20-GTCACGTGGT	8.553098	-234.222759	0	T:895.0(1.49%),B:392.6(0.66%),P:1e-101	Tpos:99.4,Tstd:50.8,Bpos:97.9,Bstd:54.5,StrandBias:0.2,Multiplicity:1.04
0.047	0.031	0.921	0.001
0.038	0.001	0.021	0.940
0.001	0.976	0.022	0.001
0.964	0.008	0.027	0.001
0.040	0.958	0.001	0.001
0.052	0.001	0.946	0.001
0.011	0.014	0.049	0.926
0.001	0.018	0.980	0.001
0.039	0.098	0.862	0.001
0.074	0.205	0.138	0.583
>ATTCCATTCC	21-ATTCCATTCC	-4.466014	-230.234362	0	T:15453.0(25.71%),B:13054.4(22.05%),P:1e-99	Tpos:100.0,Tstd:56.0,Bpos:101.0,Bstd:60.5,StrandBias:-0.1,Multiplicity:1.32
0.997	0.001	0.001	0.001
0.001	0.001	0.001	0.997
0.001	0.001	0.001	0.997
0.001	0.997	0.001	0.001
0.001	0.936	0.062	0.001
0.997	0.001	0.001	0.001
0.001	0.001	0.001	0.997
0.001	0.001	0.001	0.997
0.001	0.997	0.001	0.001
0.001	0.818	0.180	0.001
>RTGTTAACAA	22-RTGTTAACAA	7.764645	-212.146293	0	T:358.0(0.60%),B:95.7(0.16%),P:1e-92	Tpos:99.7,Tstd:58.0,Bpos:88.7,Bstd:48.5,StrandBias:0.1,Multiplicity:1.00
0.387	0.001	0.408	0.204
0.001	0.015	0.001	0.983
0.001	0.001	0.997	0.001
0.001	0.001	0.001	0.997
0.011	0.001	0.001	0.987
0.997	0.001	0.001	0.001
0.997	0.001	0.001	0.001
0.001	0.997	0.001	0.001
0.991	0.001	0.007	0.001
0.617	0.001	0.381	0.001
>CTACTCAAGC	23-CTACTCAAGC	10.548750	-207.404756	0	T:210.0(0.35%),B:34.3(0.06%),P:1e-90	Tpos:99.4,Tstd:41.4,Bpos:63.6,Bstd:51.0,StrandBias:-0.1,Multiplicity:1.00
0.001	0.997	0.001	0.001
0.001	0.001	0.001	0.997
0.997	0.001	0.001	0.001
0.001	0.997	0.001	0.001
0.001	0.001	0.001	0.997
0.001	0.776	0.001	0.222
0.997	0.001	0.001	0.001
0.997	0.001	0.001	0.001
0.001	0.001	0.950	0.048
0.001	0.997	0.001	0.001
>RTMTCGCGAK	24-RTMTCGCGAK	5.529779	-158.092343	0	T:336.0(0.56%),B:106.9(0.18%),P:1e-68	Tpos:95.8,Tstd:49.5,Bpos:90.4,Bstd:66.7,StrandBias:0.0,Multiplicity:1.08
0.509	0.006	0.465	0.020
0.001	0.001	0.001	0.997
0.508	0.490	0.001	0.001
0.001	0.001	0.001	0.997
0.001	0.997	0.001	0.001
0.001	0.001	0.997	0.001
0.001	0.997	0.001	0.001
0.001	0.001	0.997	0.001
0.997	0.001	0.001	0.001
0.001	0.001	0.528	0.470
>CCTTGGTCTA	25-CCTTGGTCTA	10.253305	-106.102113	0	T:127.0(0.21%),B:25.9(0.04%),P:1e-46	Tpos:99.3,Tstd:45.5,Bpos:111.7,Bstd:62.0,StrandBias:0.0,Multiplicity:1.26
0.001	0.997	0.001	0.001
0.001	0.997	0.001	0.001
0.001	0.001	0.228	0.770
0.001	0.001	0.001	0.997
0.001	0.036	0.962	0.001
0.001	0.001	0.997	0.001
0.001	0.001	0.001	0.997
0.001	0.997	0.001	0.001
0.001	0.001	0.001	0.997
0.997	0.001	0.001	0.001
>CACYAGRGGGCR	1-CACYAGRGGGCR	8.539095	-16190.048778	0	T:13766.0(22.91%),B:1952.5(3.30%),P:1e-7031	Tpos:99.9,Tstd:38.9,Bpos:99.0,Bstd:61.2,StrandBias:0.0,Multiplicity:1.03
0.010	0.981	0.008	0.001
0.597	0.069	0.158	0.176
0.116	0.531	0.313	0.040
0.177	0.318	0.078	0.427
0.922	0.001	0.076	0.001
0.001	0.001	0.997	0.001
0.463	0.001	0.532	0.004
0.085	0.006	0.586	0.323
0.001	0.001	0.997	0.001
0.023	0.023	0.807	0.147
0.178	0.715	0.029	0.078
0.423	0.006	0.561	0.010
>CCACCWGGTGGC	2-CCACCWGGTGGC	8.601568	-11195.922126	0	T:9758.0(16.24%),B:1383.4(2.34%),P:1e-4862	Tpos:100.2,Tstd:33.9,Bpos:100.5,Bstd:58.1,StrandBias:0.0,Multiplicity:1.03
0.073	0.910	0.007	0.010
0.001	0.997	0.001	0.001
0.766	0.112	0.031	0.091
0.006	0.690	0.193	0.111
0.065	0.655	0.032	0.248
0.511	0.006	0.028	0.455
0.199	0.007	0.747	0.047
0.218	0.130	0.649	0.003
0.017	0.028	0.306	0.649
0.001	0.001	0.997	0.001
0.003	0.007	0.919	0.071
0.197	0.574	0.037	0.192
>CCCCTRGTGGYC	3-CCCCTRGTGGYC	8.157257	-7367.013117	0	T:10373.0(17.26%),B:2490.9(4.21%),P:1e-3199	Tpos:101.3,Tstd:47.1,Bpos:100.6,Bstd:58.2,StrandBias:-0.0,Multiplicity:1.03
0.008	0.940	0.019	0.033
0.122	0.716	0.028	0.134
0.098	0.630	0.027	0.245
0.006	0.977	0.004	0.013
0.046	0.154	0.047	0.753
0.455	0.010	0.361	0.174
0.009	0.229	0.729	0.033
0.180	0.081	0.165	0.574
0.001	0.001	0.993	0.005
0.001	0.063	0.882	0.054
0.154	0.399	0.112	0.336
0.104	0.511	0.240	0.145
>TTGTHATGCAAA	4-TTGTHATGCAAA	7.726167	-2859.389273	0	T:4892.0(8.14%),B:1335.0(2.25%),P:1e-1241	Tpos:101.0,Tstd:52.6,Bpos:97.3,Bstd:60.6,StrandBias:-0.1,Multiplicity:1.09
0.044	0.052	0.027	0.877
0.050	0.007	0.049	0.894
0.137	0.301	0.527	0.035
0.366	0.063	0.046	0.525
0.241	0.251	0.144	0.365
0.791	0.021	0.040	0.148
0.069	0.017	0.037	0.877
0.020	0.015	0.791	0.174
0.040	0.686	0.060	0.214
0.774	0.016	0.003	0.207
0.743	0.018	0.205	0.034
0.910	0.007	0.062	0.021
>ACAGCGCCCCCT	5-ACAGCGCCCCCT	8.630776	-2752.330161	0	T:5769.0(9.60%),B:1836.8(3.10%),P:1e-1195	Tpos:102.5,Tstd:47.1,Bpos:100.8,Bstd:60.1,StrandBias:0.0,Multiplicity:1.03
0.690	0.101	0.177	0.032
0.009	0.497	0.305	0.189
0.805	0.021	0.135	0.039
0.001	0.222	0.776	0.001
0.020	0.952	0.004	0.024
0.145	0.017	0.687	0.151
0.001	0.977	0.013	0.009
0.001	0.969	0.001	0.029
0.164	0.546	0.046	0.244
0.001	0.790	0.001	0.208
0.001	0.997	0.001	0.001
0.130	0.023	0.035	0.812
>NRVTGASTCABN	6-NRVTGASTCABN	7.546215	-2496.583922	0	T:4305.0(7.16%),B:1177.9(1.99%),P:1e-1084	Tpos:100.0,Tstd:47.9,Bpos:100.0,Bstd:56.4,StrandBias:0.0,Multiplicity:1.09
0.218	0.221	0.320	0.241
0.220	0.214	0.367	0.199
0.306	0.388	0.266	0.040
0.013	0.001	0.040	0.946
0.008	0.020	0.939	0.033
0.909	0.051	0.013	0.027
0.054	0.402	0.478	0.065
0.036	0.001	0.014	0.949
0.022	0.951	0.019	0.008
0.960	0.011	0.004	0.025
0.038	0.325	0.341	0.297
0.243	0.333	0.190	0.233
>GGGCGGGGCCTN	7-GGGCGGGGCCTN	7.636392	-2084.326921	0	T:13033.0(21.69%),B:7264.7(12.27%),P:1e-905	Tpos:99.9,Tstd:51.3,Bpos:91.7,Bstd:57.6,StrandBias:0.0,Multiplicity:1.54
0.155	0.001	0.843	0.001
0.001	0.001	0.997	0.001
0.001	0.001	0.997	0.001
0.082	0.776	0.001	0.141
0.016	0.001	0.971	0.012
0.002	0.013	0.818	0.167
0.229	0.001	0.747	0.023
0.145	0.017	0.813	0.025
0.012	0.831	0.001	0.156
0.074	0.565	0.071	0.290
0.228	0.172	0.151	0.449
0.280	0.229	0.285	0.206
>HWATGYAAATGM	8-HWATGYAAATGM	7.470876	-1637.882181	0	T:5057.0(8.41%),B:2023.3(3.42%),P:1e-711	Tpos:100.2,Tstd:54.3,Bpos:98.4,Bstd:62.5,StrandBias:-0.0,Multiplicity:1.07
0.262	0.248	0.110	0.380
0.393	0.236	0.052	0.319
0.700	0.151	0.003	0.146
0.001	0.001	0.001	0.997
0.001	0.001	0.997	0.001
0.001	0.474	0.001	0.524
0.611	0.001	0.001	0.387
0.893	0.001	0.105	0.001
0.997	0.001	0.001	0.001
0.001	0.001	0.001	0.997
0.091	0.202	0.463	0.244
0.370	0.351	0.140	0.139
>RGCCAATCASVG	9-RGCCAATCASVG	7.571625	-1396.052913	0	T:5239.0(8.72%),B:2310.5(3.90%),P:1e-606	Tpos:100.2,Tstd:48.5,Bpos:88.5,Bstd:63.0,StrandBias:0.1,Multiplicity:1.21
0.342	0.159	0.404	0.095
0.242	0.095	0.522	0.141
0.001	0.966	0.032	0.001
0.001	0.997	0.001	0.001
0.997	0.001	0.001	0.001
0.888	0.046	0.001	0.065
0.009	0.135	0.001	0.855
0.096	0.623	0.280	0.001
0.456	0.274	0.269	0.001
0.221	0.307	0.413	0.060
0.338	0.288	0.268	0.105
0.267	0.139	0.433	0.162
>RCATTCCWGAGA	10-RCATTCCWGAGA	9.512638	-935.657183	0	T:1838.0(3.06%),B:547.0(0.92%),P:1e-406	Tpos:99.1,Tstd:47.5,Bpos:104.1,Bstd:60.1,StrandBias:0.0,Multiplicity:1.02
0.443	0.001	0.532	0.024
0.239	0.714	0.046	0.001
0.927	0.001	0.001	0.071
0.001	0.001	0.001	0.997
0.001	0.001	0.061	0.937
0.001	0.921	0.015	0.063
0.001	0.997	0.001	0.001
0.486	0.020	0.001	0.493
0.083	0.250	0.666	0.001
0.728	0.001	0.270	0.001
0.221	0.212	0.566	0.001
0.490	0.142	0.251	0.117
>CCTTTGTYHTGC	11-CCTTTGTYHTGC	8.129761	-910.697974	0	T:4658.0(7.75%),B:2334.4(3.94%),P:1e-395	Tpos:100.0,Tstd:54.4,Bpos:97.6,Bstd:60.1,StrandBias:0.0,Multiplicity:1.04
0.005	0.674	0.102	0.219
0.001	0.823	0.001	0.175
0.141	0.001	0.001	0.857
0.001	0.154	0.003	0.842
0.001	0.001	0.001	0.997
0.003	0.068	0.903	0.026
0.019	0.042	0.028	0.911
0.010	0.330	0.227	0.434
0.272	0.346	0.061	0.320
0.071	0.035	0.100	0.794
0.019	0.208	0.507	0.266
0.114	0.440	0.289	0.156
>KCWCAGCAGGAR	12-KCWCAGCAGGAR	9.196007	-663.041910	0	T:3289.0(5.47%),B:1620.6(2.74%),P:1e-287	Tpos:99.2,Tstd:50.0,Bpos:103.0,Bstd:57.9,StrandBias:-0.1,Multiplicity:1.03
0.216	0.003	0.378	0.404
0.197	0.599	0.190	0.014
0.424	0.128	0.001	0.447
0.001	0.997	0.001	0.001
0.791	0.006	0.001	0.202
0.001	0.055	0.943	0.001
0.001	0.972	0.026	0.001
0.816	0.001	0.044	0.139
0.001	0.001	0.928	0.070
0.001	0.069	0.929	0.001
0.696	0.062	0.224	0.018
0.525	0.068	0.406	0.001
>ATTCCATTSNAT	13-ATTCCATTSNAT	4.826777	-658.564164	0	T:24481.0(40.73%),B:19928.7(33.66%),P:1e-286	Tpos:100.7,Tstd:56.7,Bpos:100.4,Bstd:61.5,StrandBias:-0.0,Multiplicity:1.41
0.597	0.186	0.080	0.137
0.123	0.034	0.042	0.801
0.046	0.145	0.144	0.665
0.079	0.628	0.225	0.068
0.073	0.870	0.001	0.056
0.563	0.127	0.001	0.309
0.158	0.059	0.120	0.663
0.034	0.065	0.105	0.796
0.126	0.318	0.377	0.179
0.248	0.216	0.343	0.194
0.471	0.234	0.094	0.202
0.334	0.044	0.134	0.488
>GGGAGGAATTTC	14-GGGAGGAATTTC	7.049229	-495.954924	0	T:4789.0(7.97%),B:2936.6(4.96%),P:1e-215	Tpos:100.8,Tstd:54.5,Bpos:101.1,Bstd:59.7,StrandBias:0.0,Multiplicity:1.04
0.082	0.019	0.850	0.049
0.035	0.021	0.904	0.040
0.074	0.252	0.643	0.031
0.754	0.009	0.043	0.194
0.032	0.007	0.937	0.024
0.023	0.023	0.942	0.012
0.819	0.074	0.078	0.029
0.825	0.028	0.105	0.042
0.060	0.043	0.050	0.847
0.010	0.068	0.073	0.849
0.024	0.095	0.043	0.838
0.068	0.793	0.087	0.052
>CTTTGTTTACAC	15-CTTTGTTTACAC	10.341375	-488.112578	0	T:147.0(0.24%),B:2.9(0.00%),P:1e-211	Tpos:106.8,Tstd:43.6,Bpos:46.3,Bstd:36.5,StrandBias:0.1,Multiplicity:1.00
0.003	0.980	0.016	0.001
0.001	0.001	0.001	0.997
0.001	0.001	0.001	0.997
0.001	0.001	0.001	0.997
0.008	0.001	0.990	0.001
0.002	0.001	0.001	0.996
0.001	0.001	0.001	0.997
0.001	0.001	0.001	0.997
0.997	0.001	0.001	0.001
0.001	0.978	0.005	0.016
0.997	0.001	0.001	0.001
0.001	0.994	0.004	0.001
>GKCACTTCCGGY	16-GKCACTTCCGGY	7.625096	-480.530552	0	T:3762.0(6.26%),B:2170.0(3.66%),P:1e-208	Tpos:100.1,Tstd:52.0,Bpos:95.8,Bstd:57.5,StrandBias:-0.0,Multiplicity:1.10
0.113	0.326	0.507	0.054
0.101	0.100	0.382	0.417
0.112	0.638	0.232	0.018
0.844	0.001	0.119	0.036
0.001	0.997	0.001	0.001
0.001	0.001	0.001	0.997
0.001	0.001	0.001	0.997
0.001	0.997	0.001	0.001
0.001	0.997	0.001	0.001
0.001	0.001	0.769	0.229
0.001	0.192	0.806	0.001
0.001	0.435	0.151	0.412
>GCGCATGCGCAB	17-GCGCATGCGCAB	9.280262	-476.403327	0	T:2231.0(3.71%),B:1071.0(1.81%),P:1e-206	Tpos:99.5,Tstd:48.1,Bpos:89.4,Bstd:62.4,StrandBias:-0.0,Multiplicity:1.21
0.067	0.012	0.916	0.005
0.032	0.936	0.028	0.004
0.029	0.013	0.950	0.008
0.005	0.978	0.008	0.009
0.694	0.156	0.066	0.084
0.061	0.061	0.119	0.759
0.002	0.005	0.989	0.004
0.008	0.950	0.007	0.035
0.008	0.023	0.908	0.061
0.006	0.928	0.012	0.054
0.709	0.108	0.096	0.087
0.134	0.305	0.282	0.279
>ACTACAATTCCC	18-ACTACAATTCCC	11.337187	-452.983828	0	T:822.0(1.37%),B:230.6(0.39%),P:1e-196	Tpos:100.8,Tstd:48.9,Bpos:80.2,Bstd:60.5,StrandBias:-0.1,Multiplicity:1.11
0.895	0.073	0.020	0.012
0.023	0.932	0.015	0.030
0.028	0.115	0.008	0.849
0.728	0.084	0.101	0.087
0.009	0.926	0.058	0.007
0.862	0.032	0.086	0.020
0.503	0.097	0.071	0.329
0.088	0.241	0.077	0.594
0.080	0.034	0.020	0.866
0.013	0.953	0.008	0.026
0.031	0.931	0.025	0.013
0.009	0.963	0.008	0.020
>GTGACGTCATCG	19-GTGACGTCATCG	7.639691	-401.537507	0	T:1970.0(3.28%),B:962.2(1.63%),P:1e-174	Tpos:99.6,Tstd:47.9,Bpos:89.9,Bstd:53.1,StrandBias:0.0,Multiplicity:1.05
0.118	0.130	0.716	0.036
0.036	0.043	0.041	0.880
0.067	0.087	0.821	0.025
0.850	0.037	0.081	0.032
0.058	0.730	0.086	0.126
0.081	0.095	0.744	0.080
0.027	0.091	0.047	0.835
0.039	0.854	0.083	0.024
0.837	0.072	0.042	0.049
0.044	0.242	0.182	0.532
0.073	0.689	0.142	0.096
0.184	0.195	0.512	0.109
>TGRKCTAGYGGK	20-TGRKCTAGYGGK	8.661516	-306.645038	0	T:132.0(0.22%),B:6.0(0.01%),P:1e-133	Tpos:98.5,Tstd:43.3,Bpos:117.0,Bstd:43.8,StrandBias:-0.1,Multiplicity:1.42
0.029	0.189	0.023	0.759
0.183	0.319	0.476	0.022
0.312	0.196	0.456	0.036
0.118	0.218	0.271	0.393
0.151	0.658	0.164	0.027
0.153	0.025	0.189	0.633
0.657	0.021	0.028	0.294
0.133	0.144	0.575	0.148
0.132	0.389	0.236	0.243
0.374	0.021	0.584	0.021
0.155	0.029	0.644	0.172
0.231	0.015	0.344	0.411
>CAGCTCAGCAAG	21-CAGCTCAGCAAG	11.401752	-275.628619	0	T:95.0(0.16%),B:2.6(0.00%),P:1e-119	Tpos:89.1,Tstd:58.6,Bpos:44.8,Bstd:17.8,StrandBias:-0.6,Multiplicity:1.00
0.001	0.997	0.001	0.001
0.997	0.001	0.001	0.001
0.001	0.001	0.997	0.001
0.001	0.997	0.001	0.001
0.001	0.001	0.001	0.997
0.001	0.997	0.001	0.001
0.687	0.001	0.311	0.001
0.001	0.001	0.997	0.001
0.001	0.990	0.001	0.008
0.997	0.001	0.001	0.001
0.997	0.001	0.001	0.001
0.001	0.001	0.997	0.001
>ACTCAAGCCTCA	22-ACTCAAGCCTCA	11.892128	-229.057132	0	T:197.0(0.33%),B:26.3(0.04%),P:1e-99	Tpos:98.9,Tstd:39.1,Bpos:70.0,Bstd:60.6,StrandBias:-0.1,Multiplicity:1.00
0.997	0.001	0.001	0.001
0.002	0.951	0.001	0.046
0.001	0.001	0.001	0.997
0.026	0.920	0.001	0.053
0.997	0.001	0.001	0.001
0.997	0.001	0.001	0.001
0.002	0.018	0.978	0.002
0.001	0.997	0.001	0.001
0.002	0.978	0.002	0.018
0.018	0.001	0.002	0.979
0.001	0.981	0.001	0.017
0.987	0.011	0.001	0.001
>GAACCGAATGGA	23-GAACCGAATGGA	9.269211	-222.770448	0	T:81.0(0.13%),B:2.9(0.00%),P:1e-96	Tpos:97.6,Tstd:51.3,Bpos:144.7,Bstd:55.6,StrandBias:0.5,Multiplicity:3.07
0.233	0.084	0.607	0.076
0.727	0.067	0.019	0.187
0.525	0.264	0.032	0.179
0.215	0.481	0.031	0.274
0.047	0.600	0.312	0.041
0.067	0.119	0.568	0.246
0.683	0.045	0.230	0.042
0.625	0.263	0.082	0.030
0.079	0.183	0.031	0.707
0.051	0.187	0.572	0.190
0.197	0.128	0.594	0.081
0.658	0.238	0.080	0.024
>CCGTCACGTGAC	24-CCGTCACGTGAC	8.882259	-220.896001	0	T:821.0(1.37%),B:355.9(0.60%),P:1e-95	Tpos:100.6,Tstd:48.8,Bpos:94.3,Bstd:54.9,StrandBias:0.0,Multiplicity:1.06
0.036	0.679	0.235	0.050
0.106	0.488	0.285	0.121
0.081	0.123	0.742	0.054
0.010	0.160	0.083	0.747
0.008	0.974	0.004	0.014
0.955	0.021	0.011	0.013
0.015	0.905	0.041	0.039
0.049	0.055	0.884	0.012
0.007	0.017	0.009	0.967
0.009	0.007	0.977	0.007
0.819	0.037	0.130	0.014
0.009	0.868	0.094	0.029
>CCGCTAAGTAGC	25-CCGCTAAGTAGC	10.958482	-156.047028	0	T:106.0(0.18%),B:10.5(0.02%),P:1e-67	Tpos:113.8,Tstd:59.0,Bpos:76.2,Bstd:59.5,StrandBias:0.1,Multiplicity:1.05
0.012	0.919	0.035	0.034
0.051	0.566	0.040	0.343
0.033	0.018	0.916	0.033
0.008	0.939	0.025	0.028
0.020	0.013	0.028	0.939
0.944	0.013	0.020	0.023
0.705	0.247	0.038	0.010
0.054	0.028	0.646	0.272
0.023	0.028	0.020	0.929
0.925	0.025	0.018	0.032
0.277	0.018	0.695	0.010
0.023	0.881	0.028	0.068
>CGCCCCCT	1-CGCCCCCT	6.913430	-6064.655456	0	T:18193.0(30.27%),B:7726.1(13.05%),P:1e-2633	Tpos:100.1,Tstd:44.7,Bpos:97.3,Bstd:61.0,StrandBias:0.0,Multiplicity:1.15
0.021	0.671	0.027	0.281
0.029	0.057	0.761	0.153
0.008	0.972	0.019	0.001
0.008	0.951	0.040	0.001
0.290	0.674	0.012	0.024
0.065	0.689	0.001	0.245
0.058	0.804	0.022	0.116
0.073	0.003	0.001	0.923
>ATGACTCA	2-ATGACTCA	8.725703	-2358.666115	0	T:4548.0(7.57%),B:1355.0(2.29%),P:1e-1024	Tpos:100.2,Tstd:49.3,Bpos:98.4,Bstd:58.4,StrandBias:-0.0,Multiplicity:1.09
0.617	0.141	0.236	0.006
0.001	0.001	0.001	0.997
0.001	0.001	0.986	0.012
0.997	0.001	0.001	0.001
0.020	0.711	0.253	0.016
0.001	0.001	0.005	0.993
0.026	0.972	0.001	0.001
0.991	0.001	0.007	0.001
>CCAGCAGG	3-CCAGCAGG	7.737686	-2205.489903	0	T:11989.0(19.95%),B:6343.1(10.71%),P:1e-957	Tpos:99.3,Tstd:49.5,Bpos:100.9,Bstd:59.9,StrandBias:-0.0,Multiplicity:1.09
0.178	0.601	0.001	0.220
0.001	0.997	0.001	0.001
0.924	0.001	0.001	0.074
0.015	0.108	0.876	0.001
0.001	0.997	0.001	0.001
0.997	0.001	0.001	0.001
0.001	0.001	0.997	0.001
0.089	0.001	0.909	0.001
>ATTTGCAT	4-ATTTGCAT	6.744334	-1925.938158	0	T:6764.0(11.25%),B:2912.9(4.92%),P:1e-836	Tpos:101.0,Tstd:54.2,Bpos:97.6,Bstd:62.9,StrandBias:0.0,Multiplicity:1.15
0.902	0.024	0.063	0.011
0.009	0.008	0.010	0.973
0.010	0.092	0.001	0.897
0.147	0.005	0.001	0.847
0.128	0.001	0.870	0.001
0.033	0.965	0.001	0.001
0.994	0.001	0.004	0.001
0.063	0.001	0.024	0.912
>CBATTGGC	5-CBATTGGC	4.554270	-1892.036158	0	T:23667.0(39.38%),B:16435.1(27.76%),P:1e-821	Tpos:99.6,Tstd:52.9,Bpos:97.8,Bstd:61.4,StrandBias:0.0,Multiplicity:1.32
0.018	0.689	0.071	0.222
0.128	0.240	0.367	0.264
0.926	0.005	0.046	0.023
0.089	0.023	0.181	0.707
0.054	0.022	0.017	0.907
0.059	0.026	0.903	0.012
0.044	0.037	0.826	0.093
0.134	0.675	0.029	0.162
>CCACAAGG	6-CCACAAGG	6.981475	-1868.905284	0	T:4656.0(7.75%),B:1647.0(2.78%),P:1e-811	Tpos:98.3,Tstd:52.2,Bpos:105.0,Bstd:59.1,StrandBias:0.0,Multiplicity:1.02
0.001	0.997	0.001	0.001
0.001	0.997	0.001	0.001
0.997	0.001	0.001	0.001
0.008	0.990	0.001	0.001
0.864	0.001	0.001	0.134
0.912	0.086	0.001	0.001
0.001	0.001	0.997	0.001
0.226	0.001	0.772	0.001
>TGAGTMAB	7-TGAGTMAB	6.065854	-1850.675992	0	T:8407.0(13.99%),B:4087.1(6.90%),P:1e-803	Tpos:99.1,Tstd:57.1,Bpos:97.8,Bstd:62.8,StrandBias:-0.0,Multiplicity:1.04
0.001	0.259	0.001	0.739
0.129	0.055	0.730	0.086
0.833	0.165	0.001	0.001
0.223	0.190	0.376	0.210
0.021	0.065	0.234	0.680
0.477	0.521	0.001	0.001
0.814	0.001	0.127	0.058
0.003	0.254	0.358	0.385
>TRCATTCC	8-TRCATTCC	6.873172	-1797.246286	0	T:9324.0(15.51%),B:4792.3(8.09%),P:1e-780	Tpos:100.7,Tstd:51.9,Bpos:99.8,Bstd:62.7,StrandBias:-0.0,Multiplicity:1.23
0.109	0.212	0.240	0.439
0.443	0.110	0.400	0.047
0.276	0.643	0.080	0.001
0.962	0.029	0.008	0.001
0.053	0.017	0.002	0.928
0.067	0.021	0.024	0.888
0.080	0.878	0.023	0.019
0.014	0.817	0.074	0.095
>CWAAMGGR	9-CWAAMGGR	4.216537	-1706.838524	0	T:32341.0(53.81%),B:24851.7(41.97%),P:1e-741	Tpos:100.2,Tstd:57.3,Bpos:100.3,Bstd:61.8,StrandBias:0.0,Multiplicity:1.31
0.058	0.693	0.110	0.139
0.390	0.106	0.113	0.391
0.977	0.001	0.021	0.001
0.544	0.158	0.178	0.120
0.374	0.268	0.195	0.163
0.072	0.265	0.653	0.010
0.160	0.193	0.567	0.080
0.453	0.042	0.347	0.158
>GCATTCYH	10-GCATTCYH	4.989258	-1580.001635	0	T:25627.0(42.64%),B:18779.0(31.72%),P:1e-686	Tpos:101.1,Tstd:56.3,Bpos:100.5,Bstd:63.4,StrandBias:-0.0,Multiplicity:1.23
0.099	0.013	0.870	0.018
0.112	0.886	0.001	0.001
0.908	0.012	0.001	0.079
0.009	0.047	0.167	0.777
0.182	0.001	0.001	0.816
0.240	0.531	0.039	0.190
0.073	0.408	0.160	0.359
0.374	0.248	0.014	0.364
>GGCGGGGC	11-GGCGGGGC	5.762544	-1310.779295	0	T:20091.0(33.43%),B:14310.5(24.17%),P:1e-569	Tpos:100.1,Tstd:52.7,Bpos:96.0,Bstd:59.3,StrandBias:0.0,Multiplicity:1.56
0.001	0.001	0.997	0.001
0.001	0.001	0.997	0.001
0.126	0.791	0.001	0.082
0.001	0.001	0.997	0.001
0.001	0.001	0.923	0.075
0.075	0.001	0.923	0.001
0.077	0.001	0.921	0.001
0.001	0.937	0.001	0.061
>CMDTTGTT	12-CMDTTGTT	4.685409	-1220.728398	0	T:30276.0(50.38%),B:23926.3(40.41%),P:1e-530	Tpos:99.5,Tstd:57.5,Bpos:100.0,Bstd:61.5,StrandBias:-0.0,Multiplicity:1.23
0.001	0.617	0.366	0.016
0.303	0.401	0.105	0.191
0.353	0.052	0.290	0.305
0.021	0.146	0.070	0.763
0.001	0.011	0.037	0.951
0.028	0.001	0.970	0.001
0.272	0.138	0.047	0.543
0.168	0.207	0.200	0.426
>GGGGCGGD	13-GGGGCGGD	7.240705	-1216.427614	0	T:13025.0(21.67%),B:8417.7(14.22%),P:1e-528	Tpos:100.1,Tstd:55.6,Bpos:95.0,Bstd:61.0,StrandBias:0.0,Multiplicity:1.17
0.172	0.001	0.499	0.328
0.082	0.028	0.853	0.037
0.022	0.001	0.976	0.001
0.028	0.001	0.841	0.130
0.156	0.842	0.001	0.001
0.001	0.001	0.997	0.001
0.001	0.062	0.829	0.108
0.337	0.075	0.334	0.254
>CTTTGTTA	14-CTTTGTTA	6.807080	-1186.790632	0	T:7934.0(13.20%),B:4423.9(7.47%),P:1e-515	Tpos:100.3,Tstd:55.9,Bpos:99.9,Bstd:61.8,StrandBias:-0.0,Multiplicity:1.11
0.001	0.943	0.013	0.043
0.114	0.008	0.007	0.871
0.001	0.001	0.001	0.997
0.005	0.001	0.001	0.993
0.001	0.011	0.987	0.001
0.001	0.010	0.001	0.988
0.071	0.101	0.060	0.768
0.620	0.089	0.001	0.290
>TAAATRGC	15-TAAATRGC	4.824508	-1081.258602	0	T:29569.0(49.20%),B:23589.5(39.84%),P:1e-469	Tpos:99.7,Tstd:56.4,Bpos:100.5,Bstd:61.5,StrandBias:-0.0,Multiplicity:1.37
0.031	0.282	0.174	0.513
0.627	0.001	0.242	0.130
0.756	0.001	0.242	0.001
0.518	0.365	0.043	0.074
0.269	0.213	0.034	0.485
0.447	0.007	0.545	0.001
0.219	0.279	0.501	0.001
0.011	0.968	0.001	0.020
>KAATCAGC	16-KAATCAGC	4.317423	-916.899455	0	T:13117.0(21.83%),B:9021.4(15.24%),P:1e-398	Tpos:100.0,Tstd:56.3,Bpos:101.0,Bstd:61.9,StrandBias:-0.0,Multiplicity:1.09
0.059	0.185	0.373	0.383
0.625	0.124	0.072	0.179
0.488	0.115	0.253	0.144
0.196	0.130	0.115	0.559
0.117	0.471	0.197	0.214
0.516	0.193	0.130	0.161
0.096	0.262	0.503	0.139
0.095	0.658	0.146	0.101
>YTTCCGGC	17-YTTCCGGC	2.746566	-861.216830	0	T:15067.0(25.07%),B:10815.2(18.27%),P:1e-374	Tpos:100.5,Tstd:54.0,Bpos:98.7,Bstd:61.2,StrandBias:0.0,Multiplicity:1.22
0.164	0.356	0.001	0.480
0.001	0.001	0.001	0.997
0.174	0.001	0.001	0.824
0.001	0.997	0.001	0.001
0.001	0.997	0.001	0.001
0.001	0.001	0.993	0.005
0.001	0.006	0.824	0.169
0.001	0.660	0.001	0.338
>CTCTGGTG	18-CTCTGGTG	7.749586	-852.260156	0	T:3951.0(6.57%),B:1899.7(3.21%),P:1e-370	Tpos:100.5,Tstd:52.3,Bpos:100.8,Bstd:58.8,StrandBias:0.0,Multiplicity:1.03
0.001	0.997	0.001	0.001
0.001	0.001	0.001	0.997
0.001	0.859	0.139	0.001
0.001	0.001	0.001	0.997
0.049	0.001	0.949	0.001
0.001	0.001	0.997	0.001
0.001	0.144	0.001	0.854
0.001	0.001	0.997	0.001
>CTGGTAAC	19-CTGGTAAC	4.464461	-719.714460	0	T:21386.0(35.58%),B:16855.1(28.47%),P:1e-312	Tpos:100.1,Tstd:57.1,Bpos:99.4,Bstd:61.5,StrandBias:0.0,Multiplicity:1.18
0.139	0.467	0.226	0.168
0.245	0.126	0.015	0.614
0.233	0.011	0.636	0.120
0.064	0.239	0.434	0.263
0.132	0.246	0.011	0.611
0.605	0.009	0.046	0.340
0.788	0.012	0.140	0.060
0.137	0.667	0.134	0.062
>TTACGTCA	20-TTACGTCA	5.637107	-622.202514	0	T:5976.0(9.94%),B:3672.7(6.20%),P:1e-270	Tpos:102.0,Tstd:56.0,Bpos:97.5,Bstd:60.2,StrandBias:0.0,Multiplicity:1.05
0.093	0.041	0.061	0.805
0.114	0.053	0.134	0.699
0.643	0.097	0.185	0.075
0.162	0.763	0.021	0.054
0.203	0.016	0.773	0.008
0.066	0.087	0.158	0.689
0.061	0.844	0.042	0.053
0.785	0.062	0.088	0.065
>CTKWCARG	21-CTKWCARG	5.624630	-560.366901	0	T:17337.0(28.85%),B:13600.7(22.97%),P:1e-243	Tpos:99.3,Tstd:58.0,Bpos:100.0,Bstd:60.6,StrandBias:0.0,Multiplicity:1.13
0.001	0.596	0.001	0.402
0.100	0.001	0.085	0.814
0.001	0.141	0.424	0.433
0.524	0.001	0.083	0.392
0.237	0.761	0.001	0.001
0.941	0.019	0.039	0.001
0.435	0.001	0.563	0.001
0.104	0.231	0.580	0.085
>GTAACTGC	22-GTAACTGC	6.116024	-396.971453	0	T:7745.0(12.89%),B:5556.9(9.38%),P:1e-172	Tpos:99.6,Tstd:55.1,Bpos:99.7,Bstd:62.6,StrandBias:-0.1,Multiplicity:1.05
0.012	0.037	0.913	0.038
0.113	0.053	0.246	0.588
0.816	0.033	0.037	0.114
0.954	0.001	0.044	0.001
0.022	0.962	0.001	0.015
0.031	0.001	0.001	0.967
0.001	0.023	0.924	0.052
0.046	0.952	0.001	0.001
>ACGTGACG	23-ACGTGACG	6.546657	-338.191612	0	T:2557.0(4.25%),B:1454.3(2.46%),P:1e-146	Tpos:100.1,Tstd:49.6,Bpos:90.9,Bstd:56.0,StrandBias:-0.0,Multiplicity:1.17
0.883	0.034	0.053	0.030
0.071	0.889	0.014	0.026
0.001	0.001	0.997	0.001
0.001	0.007	0.001	0.991
0.013	0.235	0.737	0.015
0.980	0.011	0.001	0.008
0.001	0.945	0.017	0.037
0.021	0.199	0.717	0.063
>CGCATGCG	24-CGCATGCG	7.656618	-259.143179	0	T:3183.0(5.30%),B:2061.3(3.48%),P:1e-112	Tpos:99.1,Tstd:50.2,Bpos:94.0,Bstd:64.8,StrandBias:0.0,Multiplicity:1.22
0.001	0.997	0.001	0.001
0.001	0.001	0.997	0.001
0.011	0.987	0.001	0.001
0.934	0.001	0.001	0.064
0.001	0.083	0.326	0.590
0.001	0.001	0.997	0.001
0.001	0.960	0.001	0.038
0.001	0.001	0.910	0.088
>TCTCGCGA	25-TCTCGCGA	9.534041	-149.356572	0	T:363.0(0.60%),B:125.5(0.21%),P:1e-64	Tpos:96.1,Tstd:50.4,Bpos:88.9,Bstd:63.8,StrandBias:0.1,Multiplicity:1.11
0.001	0.001	0.001	0.997
0.223	0.775	0.001	0.001
0.001	0.001	0.035	0.963
0.001	0.997	0.001	0.001
0.001	0.001	0.997	0.001
0.001	0.997	0.001	0.001
0.001	0.001	0.997	0.001
0.997	0.001	0.001	0.001
