>GAATGGMRTG	1-GAATGGMRTG	7.191836	-58.571058	0	T:542.0(0.91%),B:335.3(0.56%),P:1e-25	Tpos:74.5,Tstd:40.0,Bpos:72.4,Bstd:41.4,StrandBias:0.0,Multiplicity:1.16
0.023	0.038	0.931	0.008
0.708	0.238	0.034	0.020
0.543	0.189	0.016	0.252
0.118	0.223	0.190	0.469
0.028	0.240	0.482	0.249
0.013	0.277	0.682	0.028
0.466	0.333	0.182	0.020
0.428	0.085	0.377	0.110
0.007	0.307	0.187	0.499
0.219	0.264	0.507	0.010
>TCCCGGACGG	2-TCCCGGACGG	11.541200	-55.979511	0	T:30.0(0.05%),B:2.9(0.00%),P:1e-24	Tpos:87.0,Tstd:41.5,Bpos:57.1,Bstd:14.1,StrandBias:0.2,Multiplicity:1.17
0.001	0.001	0.001	0.997
0.001	0.997	0.001	0.001
0.001	0.681	0.001	0.317
0.001	0.997	0.001	0.001
0.001	0.001	0.997	0.001
0.317	0.001	0.681	0.001
0.997	0.001	0.001	0.001
0.001	0.997	0.001	0.001
0.001	0.001	0.997	0.001
0.001	0.001	0.997	0.001
>TCTCAGACGK	3-TCTCAGACGK	11.560390	-49.562201	0	T:22.0(0.04%),B:1.4(0.00%),P:1e-21	Tpos:80.7,Tstd:39.4,Bpos:89.9,Bstd:33.3,StrandBias:0.2,Multiplicity:1.36
0.001	0.001	0.001	0.997
0.001	0.997	0.001	0.001
0.001	0.001	0.239	0.759
0.001	0.997	0.001	0.001
0.759	0.239	0.001	0.001
0.001	0.001	0.997	0.001
0.997	0.001	0.001	0.001
0.001	0.997	0.001	0.001
0.001	0.001	0.997	0.001
0.020	0.001	0.563	0.416
>CATACGACTA	4-CATACGACTA	10.488428	-47.930838	0	T:27.0(0.05%),B:2.7(0.00%),P:1e-20	Tpos:69.7,Tstd:39.0,Bpos:70.2,Bstd:36.2,StrandBias:-0.3,Multiplicity:1.00
0.001	0.876	0.001	0.122
0.823	0.001	0.175	0.001
0.001	0.001	0.001	0.997
0.876	0.001	0.122	0.001
0.063	0.935	0.001	0.001
0.043	0.192	0.764	0.001
0.813	0.185	0.001	0.001
0.001	0.876	0.001	0.122
0.122	0.001	0.001	0.876
0.876	0.122	0.001	0.001
>ACCSAGTATT	5-ACCSAGTATT	11.467386	-45.318671	0	T:26.0(0.04%),B:2.3(0.00%),P:1e-19	Tpos:74.1,Tstd:42.5,Bpos:69.8,Bstd:26.5,StrandBias:0.2,Multiplicity:1.00
0.997	0.001	0.001	0.001
0.001	0.997	0.001	0.001
0.001	0.997	0.001	0.001
0.001	0.485	0.513	0.001
0.997	0.001	0.001	0.001
0.001	0.239	0.759	0.001
0.001	0.001	0.001	0.997
0.997	0.001	0.001	0.001
0.001	0.239	0.001	0.759
0.001	0.001	0.001	0.997
>RGCGGCTGGC	6-RGCGGCTGGC	6.775553	-44.771576	0	T:127.0(0.21%),B:50.3(0.08%),P:1e-19	Tpos:76.1,Tstd:41.8,Bpos:72.4,Bstd:36.6,StrandBias:-0.2,Multiplicity:1.13
0.370	0.184	0.382	0.064
0.270	0.054	0.546	0.130
0.018	0.661	0.302	0.019
0.014	0.394	0.569	0.023
0.108	0.111	0.552	0.229
0.104	0.616	0.030	0.250
0.028	0.162	0.138	0.672
0.144	0.237	0.428	0.192
0.159	0.211	0.414	0.216
0.073	0.532	0.197	0.198
>GAGTATAAAC	7-GAGTATAAAC	10.296193	-40.208391	0	T:24.0(0.04%),B:3.0(0.01%),P:1e-17	Tpos:77.4,Tstd:40.8,Bpos:69.4,Bstd:41.2,StrandBias:0.0,Multiplicity:1.00
0.100	0.100	0.700	0.100
0.700	0.100	0.100	0.100
0.100	0.100	0.700	0.100
0.100	0.100	0.100	0.700
0.700	0.100	0.100	0.100
0.100	0.100	0.100	0.700
0.700	0.100	0.100	0.100
0.700	0.100	0.100	0.100
0.700	0.100	0.100	0.100
0.100	0.700	0.100	0.100
>CKGCTTGGCA	8-CKGCTTGGCA	12.911054	-37.760273	0	T:39.0(0.07%),B:7.4(0.01%),P:1e-16	Tpos:77.3,Tstd:41.4,Bpos:90.5,Bstd:36.2,StrandBias:0.2,Multiplicity:1.00
0.001	0.997	0.001	0.001
0.001	0.001	0.571	0.427
0.001	0.001	0.997	0.001
0.001	0.997	0.001	0.001
0.001	0.001	0.001	0.997
0.001	0.001	0.001	0.997
0.001	0.001	0.997	0.001
0.072	0.001	0.926	0.001
0.001	0.997	0.001	0.001
0.997	0.001	0.001	0.001
>TAGGTGCGGC	9-TAGGTGCGGC	9.657258	-37.760273	0	T:39.0(0.07%),B:7.2(0.01%),P:1e-16	Tpos:64.8,Tstd:39.9,Bpos:94.5,Bstd:44.1,StrandBias:-0.7,Multiplicity:1.03
0.035	0.001	0.035	0.929
0.545	0.146	0.001	0.308
0.035	0.040	0.924	0.001
0.110	0.001	0.862	0.027
0.023	0.211	0.053	0.713
0.005	0.035	0.823	0.137
0.001	0.997	0.001	0.001
0.001	0.001	0.997	0.001
0.066	0.001	0.932	0.001
0.075	0.915	0.005	0.005
>AGATCTGGTC	10-AGATCTGGTC	10.296193	-37.713300	0	T:23.0(0.04%),B:3.0(0.00%),P:1e-16	Tpos:74.6,Tstd:44.9,Bpos:66.4,Bstd:22.3,StrandBias:-0.6,Multiplicity:1.09
0.700	0.100	0.100	0.100
0.100	0.100	0.700	0.100
0.700	0.100	0.100	0.100
0.100	0.100	0.100	0.700
0.100	0.700	0.100	0.100
0.100	0.100	0.100	0.700
0.100	0.100	0.700	0.100
0.100	0.100	0.700	0.100
0.100	0.100	0.100	0.700
0.100	0.700	0.100	0.100
>TCAAWACYGC	11-TCAAWACYGC	10.940931	-37.648633	0	T:44.0(0.07%),B:9.4(0.02%),P:1e-16	Tpos:82.8,Tstd:42.8,Bpos:85.7,Bstd:41.7,StrandBias:-0.9,Multiplicity:1.02
0.012	0.001	0.001	0.986
0.349	0.601	0.037	0.013
0.973	0.001	0.013	0.013
0.731	0.001	0.108	0.160
0.444	0.001	0.070	0.484
0.986	0.001	0.001	0.012
0.001	0.753	0.245	0.001
0.001	0.553	0.001	0.445
0.001	0.001	0.997	0.001
0.001	0.801	0.020	0.178
>GCTGTTGTTA	12-GCTGTTGTTA	9.413053	-37.236996	0	T:36.0(0.06%),B:6.8(0.01%),P:1e-16	Tpos:70.1,Tstd:41.1,Bpos:85.0,Bstd:23.6,StrandBias:-0.1,Multiplicity:1.03
0.001	0.001	0.997	0.001
0.001	0.997	0.001	0.001
0.001	0.012	0.012	0.975
0.001	0.001	0.997	0.001
0.001	0.001	0.001	0.997
0.001	0.001	0.001	0.997
0.001	0.001	0.997	0.001
0.001	0.001	0.001	0.997
0.001	0.001	0.001	0.997
0.997	0.001	0.001	0.001
>GTCTGATGGT	13-GTCTGATGGT	12.865683	-36.967744	0	T:33.0(0.06%),B:5.9(0.01%),P:1e-16	Tpos:67.6,Tstd:38.0,Bpos:80.0,Bstd:30.1,StrandBias:-0.4,Multiplicity:1.00
0.001	0.001	0.997	0.001
0.001	0.001	0.001	0.997
0.001	0.997	0.001	0.001
0.001	0.001	0.001	0.997
0.379	0.001	0.619	0.001
0.997	0.001	0.001	0.001
0.001	0.001	0.001	0.997
0.001	0.001	0.997	0.001
0.001	0.001	0.997	0.001
0.001	0.001	0.001	0.997
>GGGGCATAAG	14-GGGGCATAAG	8.800114	-36.030517	0	T:38.0(0.06%),B:7.8(0.01%),P:1e-15	Tpos:72.9,Tstd:42.7,Bpos:86.5,Bstd:37.6,StrandBias:0.5,Multiplicity:1.00
0.001	0.001	0.997	0.001
0.001	0.009	0.989	0.001
0.001	0.009	0.989	0.001
0.001	0.001	0.997	0.001
0.001	0.726	0.272	0.001
0.997	0.001	0.001	0.001
0.001	0.001	0.001	0.997
0.997	0.001	0.001	0.001
0.997	0.001	0.001	0.001
0.001	0.001	0.997	0.001
>ACAATCCCCT	15-ACAATCCCCT	9.326042	-35.729733	0	T:26.0(0.04%),B:3.9(0.01%),P:1e-15	Tpos:63.0,Tstd:39.6,Bpos:78.8,Bstd:39.3,StrandBias:0.0,Multiplicity:1.00
0.997	0.001	0.001	0.001
0.001	0.997	0.001	0.001
0.997	0.001	0.001	0.001
0.997	0.001	0.001	0.001
0.001	0.001	0.001	0.997
0.001	0.997	0.001	0.001
0.001	0.997	0.001	0.001
0.001	0.997	0.001	0.001
0.001	0.987	0.011	0.001
0.001	0.001	0.001	0.997
>CTCATACCAT	16-CTCATACCAT	10.296193	-35.260465	0	T:22.0(0.04%),B:2.8(0.00%),P:1e-15	Tpos:80.1,Tstd:45.1,Bpos:92.6,Bstd:9.2,StrandBias:0.5,Multiplicity:1.00
0.100	0.700	0.100	0.100
0.100	0.100	0.100	0.700
0.100	0.700	0.100	0.100
0.700	0.100	0.100	0.100
0.100	0.100	0.100	0.700
0.700	0.100	0.100	0.100
0.100	0.700	0.100	0.100
0.100	0.700	0.100	0.100
0.700	0.100	0.100	0.100
0.100	0.100	0.100	0.700
>CAAGGTGTAT	17-CAAGGTGTAT	11.117801	-33.558898	0	T:25.0(0.04%),B:3.1(0.01%),P:1e-14	Tpos:58.2,Tstd:35.5,Bpos:72.4,Bstd:4.1,StrandBias:0.3,Multiplicity:1.08
0.001	0.997	0.001	0.001
0.932	0.001	0.066	0.001
0.997	0.001	0.001	0.001
0.001	0.001	0.997	0.001
0.001	0.001	0.997	0.001
0.001	0.001	0.001	0.997
0.001	0.001	0.997	0.001
0.001	0.001	0.001	0.997
0.997	0.001	0.001	0.001
0.001	0.001	0.001	0.997
>GCGCCCTCTG	18-GCGCCCTCTG	10.296193	-33.081996	0	T:28.0(0.05%),B:4.3(0.01%),P:1e-14	Tpos:79.0,Tstd:26.9,Bpos:59.1,Bstd:40.7,StrandBias:0.2,Multiplicity:1.00
0.100	0.100	0.700	0.100
0.100	0.700	0.100	0.100
0.100	0.100	0.700	0.100
0.100	0.700	0.100	0.100
0.100	0.700	0.100	0.100
0.100	0.700	0.100	0.100
0.100	0.100	0.100	0.700
0.100	0.700	0.100	0.100
0.100	0.100	0.100	0.700
0.100	0.100	0.700	0.100
>CTGTCCCGTG	19-CTGTCCCGTG	12.511643	-29.201637	0	T:26.0(0.04%),B:4.7(0.01%),P:1e-12	Tpos:74.5,Tstd:41.2,Bpos:76.8,Bstd:15.5,StrandBias:-1.4,Multiplicity:1.00
0.001	0.997	0.001	0.001
0.001	0.001	0.001	0.997
0.001	0.001	0.997	0.001
0.001	0.001	0.001	0.997
0.001	0.997	0.001	0.001
0.001	0.732	0.001	0.266
0.001	0.997	0.001	0.001
0.001	0.001	0.997	0.001
0.001	0.001	0.001	0.997
0.001	0.001	0.997	0.001
>TAAAAWARAA	20-TAAAAWARAA	7.147256	-26.955156	0	T:8610.0(14.47%),B:8076.1(13.48%),P:1e-11	Tpos:75.5,Tstd:41.1,Bpos:72.8,Bstd:40.8,StrandBias:-0.1,Multiplicity:1.17
0.263	0.248	0.037	0.452
0.624	0.276	0.050	0.050
0.451	0.285	0.223	0.042
0.581	0.041	0.276	0.102
0.605	0.287	0.052	0.056
0.436	0.040	0.029	0.494
0.790	0.068	0.077	0.065
0.410	0.042	0.436	0.113
0.786	0.080	0.058	0.076
0.557	0.042	0.060	0.341
>TAGTTCACCA	21-TAGTTCACCA	10.296193	-25.911270	0	T:18.0(0.03%),B:2.2(0.00%),P:1e-11	Tpos:69.1,Tstd:41.6,Bpos:57.6,Bstd:33.6,StrandBias:0.0,Multiplicity:1.00
0.100	0.100	0.100	0.700
0.700	0.100	0.100	0.100
0.100	0.100	0.700	0.100
0.100	0.100	0.100	0.700
0.100	0.100	0.100	0.700
0.100	0.700	0.100	0.100
0.700	0.100	0.100	0.100
0.100	0.700	0.100	0.100
0.100	0.700	0.100	0.100
0.700	0.100	0.100	0.100
>GCCGGGCGGA	22-GCCGGGCGGA	13.290064	-25.470424	0	T:24.0(0.04%),B:4.8(0.01%),P:1e-11	Tpos:58.8,Tstd:38.5,Bpos:71.4,Bstd:33.8,StrandBias:0.1,Multiplicity:1.10
0.001	0.001	0.997	0.001
0.001	0.997	0.001	0.001
0.001	0.997	0.001	0.001
0.001	0.001	0.997	0.001
0.001	0.001	0.997	0.001
0.141	0.001	0.857	0.001
0.001	0.997	0.001	0.001
0.324	0.001	0.674	0.001
0.001	0.001	0.997	0.001
0.997	0.001	0.001	0.001
>CCCGCCAGCA	23-CCCGCCAGCA	10.296193	-23.320327	0	T:20.0(0.03%),B:3.8(0.01%),P:1e-10	Tpos:81.8,Tstd:36.5,Bpos:37.9,Bstd:6.3,StrandBias:1.2,Multiplicity:1.00
0.100	0.700	0.100	0.100
0.100	0.700	0.100	0.100
0.100	0.700	0.100	0.100
0.100	0.100	0.700	0.100
0.100	0.700	0.100	0.100
0.100	0.700	0.100	0.100
0.700	0.100	0.100	0.100
0.100	0.100	0.700	0.100
0.100	0.700	0.100	0.100
0.700	0.100	0.100	0.100
>GGCGCGGCGC	24-GGCGCGGCGC	6.690776	-22.012668	0	T:1681.0(2.82%),B:1451.5(2.42%),P:1e-9	Tpos:75.7,Tstd:40.0,Bpos:74.5,Bstd:36.4,StrandBias:-0.1,Multiplicity:1.38
0.083	0.085	0.769	0.063
0.079	0.132	0.739	0.050
0.111	0.653	0.151	0.085
0.096	0.126	0.684	0.094
0.118	0.648	0.148	0.086
0.125	0.117	0.654	0.104
0.048	0.119	0.787	0.046
0.103	0.674	0.117	0.106
0.096	0.127	0.665	0.112
0.066	0.727	0.131	0.076
>ATTGTAATAC	25-ATTGTAATAC	10.296193	-19.475706	0	T:23.0(0.04%),B:5.7(0.01%),P:1e-8	Tpos:66.5,Tstd:36.3,Bpos:90.9,Bstd:43.3,StrandBias:0.3,Multiplicity:1.00
0.700	0.100	0.100	0.100
0.100	0.100	0.100	0.700
0.100	0.100	0.100	0.700
0.100	0.100	0.700	0.100
0.100	0.100	0.100	0.700
0.700	0.100	0.100	0.100
0.700	0.100	0.100	0.100
0.100	0.100	0.100	0.700
0.700	0.100	0.100	0.100
0.100	0.700	0.100	0.100
