>CCCYCTRGTG	1-CCCYCTRGTG	8.792432	-11630.589678	0	T:9244.0(15.38%),B:1151.6(1.94%),P:1e-5051	Tpos:100.2,Tstd:34.3,Bpos:99.0,Bstd:60.2,StrandBias:-0.0,Multiplicity:1.03
0.026	0.966	0.002	0.006
0.002	0.995	0.002	0.001
0.410	0.584	0.005	0.001
0.003	0.566	0.007	0.424
0.001	0.995	0.003	0.001
0.001	0.010	0.005	0.984
0.384	0.005	0.498	0.112
0.016	0.252	0.687	0.045
0.059	0.079	0.025	0.837
0.001	0.001	0.997	0.001
>CCCCTAGTGG	2-CCCCTAGTGG	6.381812	-8734.787951	0	T:19862.0(33.05%),B:7303.1(12.33%),P:1e-3793	Tpos:100.0,Tstd:45.4,Bpos:101.2,Bstd:58.0,StrandBias:0.0,Multiplicity:1.10
0.020	0.947	0.016	0.017
0.209	0.650	0.045	0.096
0.009	0.720	0.023	0.248
0.006	0.962	0.013	0.019
0.045	0.115	0.012	0.828
0.634	0.057	0.192	0.117
0.060	0.135	0.686	0.119
0.147	0.097	0.036	0.720
0.017	0.010	0.939	0.034
0.019	0.029	0.915	0.037
>AGCGCCCTCT	3-AGCGCCCTCT	9.153012	-2594.785880	0	T:2337.0(3.89%),B:327.1(0.55%),P:1e-1126	Tpos:102.5,Tstd:40.5,Bpos:98.9,Bstd:65.0,StrandBias:-0.1,Multiplicity:1.01
0.756	0.065	0.102	0.077
0.046	0.101	0.815	0.038
0.057	0.856	0.028	0.059
0.042	0.020	0.866	0.072
0.058	0.879	0.040	0.023
0.049	0.844	0.051	0.056
0.262	0.650	0.046	0.042
0.033	0.350	0.022	0.595
0.050	0.881	0.027	0.042
0.078	0.045	0.019	0.858
>GGGGCGGGGC	4-GGGGCGGGGC	8.058098	-2296.157574	0	T:14352.0(23.88%),B:8045.5(13.59%),P:1e-997	Tpos:100.0,Tstd:51.7,Bpos:91.0,Bstd:57.6,StrandBias:0.1,Multiplicity:1.61
0.153	0.015	0.542	0.290
0.183	0.001	0.813	0.003
0.001	0.001	0.997	0.001
0.001	0.001	0.996	0.002
0.168	0.689	0.009	0.134
0.011	0.001	0.980	0.008
0.007	0.017	0.771	0.205
0.241	0.002	0.668	0.089
0.110	0.041	0.804	0.045
0.101	0.736	0.004	0.159
>NVMTGASTCA	5-NVMTGASTCA	8.256758	-2245.329798	0	T:4659.0(7.75%),B:1463.7(2.47%),P:1e-975	Tpos:100.3,Tstd:48.8,Bpos:100.3,Bstd:58.0,StrandBias:-0.0,Multiplicity:1.09
0.308	0.239	0.231	0.223
0.279	0.219	0.366	0.135
0.404	0.458	0.137	0.001
0.001	0.001	0.001	0.997
0.001	0.001	0.997	0.001
0.997	0.001	0.001	0.001
0.001	0.439	0.559	0.001
0.001	0.001	0.001	0.997
0.001	0.997	0.001	0.001
0.997	0.001	0.001	0.001
>AGGAATGTSV	6-AGGAATGTSV	5.838144	-2190.588748	0	T:10138.0(16.87%),B:5006.4(8.46%),P:1e-951	Tpos:101.3,Tstd:52.6,Bpos:99.5,Bstd:61.9,StrandBias:-0.1,Multiplicity:1.12
0.826	0.001	0.046	0.127
0.050	0.001	0.948	0.001
0.001	0.001	0.997	0.001
0.980	0.001	0.001	0.018
0.997	0.001	0.001	0.001
0.001	0.001	0.001	0.997
0.001	0.001	0.593	0.405
0.001	0.332	0.001	0.666
0.224	0.380	0.351	0.045
0.315	0.330	0.185	0.170
>NSYSATTGGY	7-NSYSATTGGY	5.794359	-1847.866880	0	T:13797.0(22.96%),B:8144.1(13.75%),P:1e-802	Tpos:100.0,Tstd:52.7,Bpos:94.8,Bstd:62.6,StrandBias:0.0,Multiplicity:1.22
0.217	0.200	0.294	0.289
0.055	0.386	0.381	0.177
0.004	0.399	0.109	0.488
0.126	0.401	0.295	0.178
0.981	0.001	0.017	0.001
0.001	0.001	0.001	0.997
0.045	0.001	0.001	0.953
0.214	0.001	0.706	0.079
0.108	0.001	0.594	0.297
0.141	0.477	0.054	0.328
>TATGYAAATB	8-TATGYAAATB	7.570044	-1842.688865	0	T:4170.0(6.94%),B:1384.5(2.34%),P:1e-800	Tpos:102.1,Tstd:54.7,Bpos:97.2,Bstd:63.3,StrandBias:-0.1,Multiplicity:1.07
0.204	0.152	0.194	0.450
0.870	0.001	0.071	0.058
0.001	0.001	0.001	0.997
0.029	0.024	0.946	0.001
0.001	0.528	0.034	0.437
0.676	0.001	0.015	0.308
0.782	0.001	0.176	0.041
0.934	0.046	0.019	0.001
0.038	0.127	0.149	0.686
0.121	0.283	0.318	0.279
>TTGHAATGCA	9-TTGHAATGCA	5.118366	-1471.104034	0	T:12760.0(21.23%),B:7818.0(13.20%),P:1e-638	Tpos:101.3,Tstd:54.4,Bpos:99.0,Bstd:62.6,StrandBias:0.0,Multiplicity:1.24
0.213	0.167	0.121	0.499
0.112	0.019	0.176	0.693
0.083	0.267	0.635	0.015
0.262	0.305	0.155	0.278
0.509	0.119	0.098	0.274
0.622	0.040	0.023	0.315
0.307	0.008	0.169	0.516
0.145	0.050	0.492	0.313
0.049	0.612	0.170	0.169
0.573	0.193	0.072	0.162
>TAACAAAGGM	10-TAACAAAGGM	8.135064	-1381.728330	0	T:5428.0(9.03%),B:2446.2(4.13%),P:1e-600	Tpos:100.2,Tstd:54.7,Bpos:100.2,Bstd:61.6,StrandBias:0.0,Multiplicity:1.07
0.312	0.001	0.199	0.488
0.528	0.137	0.255	0.080
0.997	0.001	0.001	0.001
0.001	0.997	0.001	0.001
0.997	0.001	0.001	0.001
0.997	0.001	0.001	0.001
0.997	0.001	0.001	0.001
0.212	0.167	0.620	0.001
0.214	0.162	0.623	0.001
0.313	0.413	0.261	0.013
>AACTGSCTTY	11-AACTGSCTTY	5.403407	-1049.962242	0	T:25001.0(41.60%),B:19348.4(32.68%),P:1e-455	Tpos:100.2,Tstd:56.5,Bpos:101.1,Bstd:61.6,StrandBias:-0.0,Multiplicity:1.20
0.564	0.031	0.259	0.146
0.741	0.001	0.257	0.001
0.332	0.580	0.074	0.014
0.206	0.066	0.001	0.727
0.299	0.081	0.560	0.060
0.001	0.541	0.457	0.001
0.032	0.888	0.001	0.079
0.150	0.056	0.001	0.793
0.001	0.287	0.158	0.554
0.112	0.393	0.037	0.457
>YAYTTCCGGY	12-YAYTTCCGGY	6.962429	-964.953757	0	T:9990.0(16.62%),B:6338.7(10.71%),P:1e-419	Tpos:100.3,Tstd:52.9,Bpos:96.5,Bstd:59.7,StrandBias:0.0,Multiplicity:1.18
0.198	0.390	0.167	0.246
0.475	0.091	0.324	0.110
0.001	0.527	0.019	0.453
0.011	0.001	0.001	0.987
0.074	0.001	0.001	0.924
0.001	0.997	0.001	0.001
0.001	0.997	0.001	0.001
0.001	0.001	0.762	0.236
0.001	0.219	0.597	0.183
0.114	0.356	0.144	0.385
>NTAATCAGCN	13-NTAATCAGCN	3.905260	-846.797535	0	T:23147.0(38.51%),B:18139.8(30.64%),P:1e-367	Tpos:99.7,Tstd:56.5,Bpos:100.6,Bstd:62.0,StrandBias:-0.0,Multiplicity:1.26
0.197	0.252	0.272	0.279
0.148	0.154	0.141	0.557
0.565	0.134	0.146	0.155
0.548	0.151	0.162	0.139
0.168	0.151	0.176	0.505
0.143	0.559	0.135	0.163
0.585	0.133	0.133	0.149
0.149	0.146	0.589	0.116
0.142	0.553	0.154	0.151
0.259	0.258	0.224	0.258
>VWCWGYAKGA	14-VWCWGYAKGA	5.934430	-779.737991	0	T:8335.0(13.87%),B:5300.9(8.95%),P:1e-338	Tpos:99.1,Tstd:52.9,Bpos:101.2,Bstd:60.3,StrandBias:-0.0,Multiplicity:1.07
0.261	0.368	0.260	0.111
0.504	0.024	0.006	0.466
0.024	0.726	0.009	0.241
0.390	0.208	0.052	0.350
0.255	0.194	0.546	0.005
0.018	0.543	0.004	0.435
0.424	0.137	0.229	0.210
0.026	0.108	0.505	0.361
0.026	0.013	0.733	0.228
0.454	0.245	0.291	0.009
>CGCCTTTTAA	15-CGCCTTTTAA	4.609635	-724.879989	0	T:23988.0(39.91%),B:19264.2(32.53%),P:1e-314	Tpos:100.4,Tstd:57.2,Bpos:99.3,Bstd:61.4,StrandBias:0.0,Multiplicity:1.22
0.118	0.657	0.128	0.097
0.088	0.109	0.691	0.112
0.072	0.720	0.118	0.090
0.073	0.745	0.090	0.092
0.089	0.123	0.061	0.727
0.072	0.091	0.105	0.732
0.069	0.103	0.111	0.717
0.111	0.147	0.118	0.624
0.693	0.101	0.119	0.087
0.692	0.107	0.115	0.086
>TKACGTMACC	16-TKACGTMACC	5.968596	-682.187323	0	T:3382.0(5.63%),B:1666.9(2.82%),P:1e-296	Tpos:101.4,Tstd:49.7,Bpos:91.2,Bstd:56.7,StrandBias:0.0,Multiplicity:1.06
0.048	0.003	0.052	0.897
0.138	0.176	0.336	0.350
0.674	0.026	0.299	0.001
0.116	0.657	0.108	0.119
0.212	0.033	0.623	0.132
0.022	0.285	0.001	0.692
0.277	0.387	0.179	0.156
0.724	0.056	0.176	0.044
0.104	0.429	0.278	0.190
0.238	0.394	0.166	0.202
>TGCGCATGCG	17-TGCGCATGCG	7.147926	-441.761514	0	T:2318.0(3.86%),B:1163.7(1.97%),P:1e-191	Tpos:100.4,Tstd:48.4,Bpos:90.2,Bstd:62.3,StrandBias:-0.0,Multiplicity:1.20
0.200	0.256	0.078	0.466
0.219	0.043	0.586	0.152
0.200	0.632	0.098	0.070
0.097	0.050	0.749	0.104
0.278	0.575	0.049	0.098
0.747	0.090	0.042	0.121
0.102	0.077	0.177	0.644
0.085	0.061	0.727	0.127
0.119	0.720	0.045	0.116
0.088	0.137	0.641	0.134
>TACAATTCCC	18-TACAATTCCC	9.660908	-297.853208	0	T:815.0(1.36%),B:300.8(0.51%),P:1e-129	Tpos:101.3,Tstd:49.9,Bpos:93.6,Bstd:64.6,StrandBias:-0.0,Multiplicity:1.08
0.025	0.016	0.044	0.915
0.997	0.001	0.001	0.001
0.001	0.997	0.001	0.001
0.997	0.001	0.001	0.001
0.571	0.043	0.034	0.352
0.091	0.164	0.096	0.649
0.001	0.010	0.009	0.980
0.020	0.978	0.001	0.001
0.001	0.978	0.003	0.018
0.001	0.988	0.001	0.010
>CCATGGCAAC	19-CCATGGCAAC	11.099443	-244.494424	0	T:519.0(0.86%),B:163.4(0.28%),P:1e-106	Tpos:103.3,Tstd:46.5,Bpos:97.6,Bstd:55.7,StrandBias:0.2,Multiplicity:1.12
0.001	0.997	0.001	0.001
0.001	0.997	0.001	0.001
0.997	0.001	0.001	0.001
0.001	0.001	0.001	0.997
0.113	0.001	0.885	0.001
0.001	0.001	0.997	0.001
0.124	0.802	0.001	0.073
0.997	0.001	0.001	0.001
0.997	0.001	0.001	0.001
0.001	0.997	0.001	0.001
>GTCACGTGGT	20-GTCACGTGGT	8.553098	-234.222759	0	T:895.0(1.49%),B:392.6(0.66%),P:1e-101	Tpos:99.4,Tstd:50.8,Bpos:97.9,Bstd:54.5,StrandBias:0.2,Multiplicity:1.04
0.047	0.031	0.921	0.001
0.038	0.001	0.021	0.940
0.001	0.976	0.022	0.001
0.964	0.008	0.027	0.001
0.040	0.958	0.001	0.001
0.052	0.001	0.946	0.001
0.011	0.014	0.049	0.926
0.001	0.018	0.980	0.001
0.039	0.098	0.862	0.001
0.074	0.205	0.138	0.583
>ATTCCATTCC	21-ATTCCATTCC	-4.466014	-230.234362	0	T:15453.0(25.71%),B:13054.4(22.05%),P:1e-99	Tpos:100.0,Tstd:56.0,Bpos:101.0,Bstd:60.5,StrandBias:-0.1,Multiplicity:1.32
0.997	0.001	0.001	0.001
0.001	0.001	0.001	0.997
0.001	0.001	0.001	0.997
0.001	0.997	0.001	0.001
0.001	0.936	0.062	0.001
0.997	0.001	0.001	0.001
0.001	0.001	0.001	0.997
0.001	0.001	0.001	0.997
0.001	0.997	0.001	0.001
0.001	0.818	0.180	0.001
>RTGTTAACAA	22-RTGTTAACAA	7.764645	-212.146293	0	T:358.0(0.60%),B:95.7(0.16%),P:1e-92	Tpos:99.7,Tstd:58.0,Bpos:88.7,Bstd:48.5,StrandBias:0.1,Multiplicity:1.00
0.387	0.001	0.408	0.204
0.001	0.015	0.001	0.983
0.001	0.001	0.997	0.001
0.001	0.001	0.001	0.997
0.011	0.001	0.001	0.987
0.997	0.001	0.001	0.001
0.997	0.001	0.001	0.001
0.001	0.997	0.001	0.001
0.991	0.001	0.007	0.001
0.617	0.001	0.381	0.001
>CTACTCAAGC	23-CTACTCAAGC	10.548750	-207.404756	0	T:210.0(0.35%),B:34.3(0.06%),P:1e-90	Tpos:99.4,Tstd:41.4,Bpos:63.6,Bstd:51.0,StrandBias:-0.1,Multiplicity:1.00
0.001	0.997	0.001	0.001
0.001	0.001	0.001	0.997
0.997	0.001	0.001	0.001
0.001	0.997	0.001	0.001
0.001	0.001	0.001	0.997
0.001	0.776	0.001	0.222
0.997	0.001	0.001	0.001
0.997	0.001	0.001	0.001
0.001	0.001	0.950	0.048
0.001	0.997	0.001	0.001
>RTMTCGCGAK	24-RTMTCGCGAK	5.529779	-158.092343	0	T:336.0(0.56%),B:106.9(0.18%),P:1e-68	Tpos:95.8,Tstd:49.5,Bpos:90.4,Bstd:66.7,StrandBias:0.0,Multiplicity:1.08
0.509	0.006	0.465	0.020
0.001	0.001	0.001	0.997
0.508	0.490	0.001	0.001
0.001	0.001	0.001	0.997
0.001	0.997	0.001	0.001
0.001	0.001	0.997	0.001
0.001	0.997	0.001	0.001
0.001	0.001	0.997	0.001
0.997	0.001	0.001	0.001
0.001	0.001	0.528	0.470
>CCTTGGTCTA	25-CCTTGGTCTA	10.253305	-106.102113	0	T:127.0(0.21%),B:25.9(0.04%),P:1e-46	Tpos:99.3,Tstd:45.5,Bpos:111.7,Bstd:62.0,StrandBias:0.0,Multiplicity:1.26
0.001	0.997	0.001	0.001
0.001	0.997	0.001	0.001
0.001	0.001	0.228	0.770
0.001	0.001	0.001	0.997
0.001	0.036	0.962	0.001
0.001	0.001	0.997	0.001
0.001	0.001	0.001	0.997
0.001	0.997	0.001	0.001
0.001	0.001	0.001	0.997
0.997	0.001	0.001	0.001
