>CGCCCCCT	1-CGCCCCCT	6.913430	-6064.655456	0	T:18193.0(30.27%),B:7726.1(13.05%),P:1e-2633	Tpos:100.1,Tstd:44.7,Bpos:97.3,Bstd:61.0,StrandBias:0.0,Multiplicity:1.15
0.021	0.671	0.027	0.281
0.029	0.057	0.761	0.153
0.008	0.972	0.019	0.001
0.008	0.951	0.040	0.001
0.290	0.674	0.012	0.024
0.065	0.689	0.001	0.245
0.058	0.804	0.022	0.116
0.073	0.003	0.001	0.923
>ATGACTCA	2-ATGACTCA	8.725703	-2358.666115	0	T:4548.0(7.57%),B:1355.0(2.29%),P:1e-1024	Tpos:100.2,Tstd:49.3,Bpos:98.4,Bstd:58.4,StrandBias:-0.0,Multiplicity:1.09
0.617	0.141	0.236	0.006
0.001	0.001	0.001	0.997
0.001	0.001	0.986	0.012
0.997	0.001	0.001	0.001
0.020	0.711	0.253	0.016
0.001	0.001	0.005	0.993
0.026	0.972	0.001	0.001
0.991	0.001	0.007	0.001
>CCAGCAGG	3-CCAGCAGG	7.737686	-2205.489903	0	T:11989.0(19.95%),B:6343.1(10.71%),P:1e-957	Tpos:99.3,Tstd:49.5,Bpos:100.9,Bstd:59.9,StrandBias:-0.0,Multiplicity:1.09
0.178	0.601	0.001	0.220
0.001	0.997	0.001	0.001
0.924	0.001	0.001	0.074
0.015	0.108	0.876	0.001
0.001	0.997	0.001	0.001
0.997	0.001	0.001	0.001
0.001	0.001	0.997	0.001
0.089	0.001	0.909	0.001
>ATTTGCAT	4-ATTTGCAT	6.744334	-1925.938158	0	T:6764.0(11.25%),B:2912.9(4.92%),P:1e-836	Tpos:101.0,Tstd:54.2,Bpos:97.6,Bstd:62.9,StrandBias:0.0,Multiplicity:1.15
0.902	0.024	0.063	0.011
0.009	0.008	0.010	0.973
0.010	0.092	0.001	0.897
0.147	0.005	0.001	0.847
0.128	0.001	0.870	0.001
0.033	0.965	0.001	0.001
0.994	0.001	0.004	0.001
0.063	0.001	0.024	0.912
>CBATTGGC	5-CBATTGGC	4.554270	-1892.036158	0	T:23667.0(39.38%),B:16435.1(27.76%),P:1e-821	Tpos:99.6,Tstd:52.9,Bpos:97.8,Bstd:61.4,StrandBias:0.0,Multiplicity:1.32
0.018	0.689	0.071	0.222
0.128	0.240	0.367	0.264
0.926	0.005	0.046	0.023
0.089	0.023	0.181	0.707
0.054	0.022	0.017	0.907
0.059	0.026	0.903	0.012
0.044	0.037	0.826	0.093
0.134	0.675	0.029	0.162
>CCACAAGG	6-CCACAAGG	6.981475	-1868.905284	0	T:4656.0(7.75%),B:1647.0(2.78%),P:1e-811	Tpos:98.3,Tstd:52.2,Bpos:105.0,Bstd:59.1,StrandBias:0.0,Multiplicity:1.02
0.001	0.997	0.001	0.001
0.001	0.997	0.001	0.001
0.997	0.001	0.001	0.001
0.008	0.990	0.001	0.001
0.864	0.001	0.001	0.134
0.912	0.086	0.001	0.001
0.001	0.001	0.997	0.001
0.226	0.001	0.772	0.001
>TGAGTMAB	7-TGAGTMAB	6.065854	-1850.675992	0	T:8407.0(13.99%),B:4087.1(6.90%),P:1e-803	Tpos:99.1,Tstd:57.1,Bpos:97.8,Bstd:62.8,StrandBias:-0.0,Multiplicity:1.04
0.001	0.259	0.001	0.739
0.129	0.055	0.730	0.086
0.833	0.165	0.001	0.001
0.223	0.190	0.376	0.210
0.021	0.065	0.234	0.680
0.477	0.521	0.001	0.001
0.814	0.001	0.127	0.058
0.003	0.254	0.358	0.385
>TRCATTCC	8-TRCATTCC	6.873172	-1797.246286	0	T:9324.0(15.51%),B:4792.3(8.09%),P:1e-780	Tpos:100.7,Tstd:51.9,Bpos:99.8,Bstd:62.7,StrandBias:-0.0,Multiplicity:1.23
0.109	0.212	0.240	0.439
0.443	0.110	0.400	0.047
0.276	0.643	0.080	0.001
0.962	0.029	0.008	0.001
0.053	0.017	0.002	0.928
0.067	0.021	0.024	0.888
0.080	0.878	0.023	0.019
0.014	0.817	0.074	0.095
>CWAAMGGR	9-CWAAMGGR	4.216537	-1706.838524	0	T:32341.0(53.81%),B:24851.7(41.97%),P:1e-741	Tpos:100.2,Tstd:57.3,Bpos:100.3,Bstd:61.8,StrandBias:0.0,Multiplicity:1.31
0.058	0.693	0.110	0.139
0.390	0.106	0.113	0.391
0.977	0.001	0.021	0.001
0.544	0.158	0.178	0.120
0.374	0.268	0.195	0.163
0.072	0.265	0.653	0.010
0.160	0.193	0.567	0.080
0.453	0.042	0.347	0.158
>GCATTCYH	10-GCATTCYH	4.989258	-1580.001635	0	T:25627.0(42.64%),B:18779.0(31.72%),P:1e-686	Tpos:101.1,Tstd:56.3,Bpos:100.5,Bstd:63.4,StrandBias:-0.0,Multiplicity:1.23
0.099	0.013	0.870	0.018
0.112	0.886	0.001	0.001
0.908	0.012	0.001	0.079
0.009	0.047	0.167	0.777
0.182	0.001	0.001	0.816
0.240	0.531	0.039	0.190
0.073	0.408	0.160	0.359
0.374	0.248	0.014	0.364
>GGCGGGGC	11-GGCGGGGC	5.762544	-1310.779295	0	T:20091.0(33.43%),B:14310.5(24.17%),P:1e-569	Tpos:100.1,Tstd:52.7,Bpos:96.0,Bstd:59.3,StrandBias:0.0,Multiplicity:1.56
0.001	0.001	0.997	0.001
0.001	0.001	0.997	0.001
0.126	0.791	0.001	0.082
0.001	0.001	0.997	0.001
0.001	0.001	0.923	0.075
0.075	0.001	0.923	0.001
0.077	0.001	0.921	0.001
0.001	0.937	0.001	0.061
>CMDTTGTT	12-CMDTTGTT	4.685409	-1220.728398	0	T:30276.0(50.38%),B:23926.3(40.41%),P:1e-530	Tpos:99.5,Tstd:57.5,Bpos:100.0,Bstd:61.5,StrandBias:-0.0,Multiplicity:1.23
0.001	0.617	0.366	0.016
0.303	0.401	0.105	0.191
0.353	0.052	0.290	0.305
0.021	0.146	0.070	0.763
0.001	0.011	0.037	0.951
0.028	0.001	0.970	0.001
0.272	0.138	0.047	0.543
0.168	0.207	0.200	0.426
>GGGGCGGD	13-GGGGCGGD	7.240705	-1216.427614	0	T:13025.0(21.67%),B:8417.7(14.22%),P:1e-528	Tpos:100.1,Tstd:55.6,Bpos:95.0,Bstd:61.0,StrandBias:0.0,Multiplicity:1.17
0.172	0.001	0.499	0.328
0.082	0.028	0.853	0.037
0.022	0.001	0.976	0.001
0.028	0.001	0.841	0.130
0.156	0.842	0.001	0.001
0.001	0.001	0.997	0.001
0.001	0.062	0.829	0.108
0.337	0.075	0.334	0.254
>CTTTGTTA	14-CTTTGTTA	6.807080	-1186.790632	0	T:7934.0(13.20%),B:4423.9(7.47%),P:1e-515	Tpos:100.3,Tstd:55.9,Bpos:99.9,Bstd:61.8,StrandBias:-0.0,Multiplicity:1.11
0.001	0.943	0.013	0.043
0.114	0.008	0.007	0.871
0.001	0.001	0.001	0.997
0.005	0.001	0.001	0.993
0.001	0.011	0.987	0.001
0.001	0.010	0.001	0.988
0.071	0.101	0.060	0.768
0.620	0.089	0.001	0.290
>TAAATRGC	15-TAAATRGC	4.824508	-1081.258602	0	T:29569.0(49.20%),B:23589.5(39.84%),P:1e-469	Tpos:99.7,Tstd:56.4,Bpos:100.5,Bstd:61.5,StrandBias:-0.0,Multiplicity:1.37
0.031	0.282	0.174	0.513
0.627	0.001	0.242	0.130
0.756	0.001	0.242	0.001
0.518	0.365	0.043	0.074
0.269	0.213	0.034	0.485
0.447	0.007	0.545	0.001
0.219	0.279	0.501	0.001
0.011	0.968	0.001	0.020
>KAATCAGC	16-KAATCAGC	4.317423	-916.899455	0	T:13117.0(21.83%),B:9021.4(15.24%),P:1e-398	Tpos:100.0,Tstd:56.3,Bpos:101.0,Bstd:61.9,StrandBias:-0.0,Multiplicity:1.09
0.059	0.185	0.373	0.383
0.625	0.124	0.072	0.179
0.488	0.115	0.253	0.144
0.196	0.130	0.115	0.559
0.117	0.471	0.197	0.214
0.516	0.193	0.130	0.161
0.096	0.262	0.503	0.139
0.095	0.658	0.146	0.101
>YTTCCGGC	17-YTTCCGGC	2.746566	-861.216830	0	T:15067.0(25.07%),B:10815.2(18.27%),P:1e-374	Tpos:100.5,Tstd:54.0,Bpos:98.7,Bstd:61.2,StrandBias:0.0,Multiplicity:1.22
0.164	0.356	0.001	0.480
0.001	0.001	0.001	0.997
0.174	0.001	0.001	0.824
0.001	0.997	0.001	0.001
0.001	0.997	0.001	0.001
0.001	0.001	0.993	0.005
0.001	0.006	0.824	0.169
0.001	0.660	0.001	0.338
>CTCTGGTG	18-CTCTGGTG	7.749586	-852.260156	0	T:3951.0(6.57%),B:1899.7(3.21%),P:1e-370	Tpos:100.5,Tstd:52.3,Bpos:100.8,Bstd:58.8,StrandBias:0.0,Multiplicity:1.03
0.001	0.997	0.001	0.001
0.001	0.001	0.001	0.997
0.001	0.859	0.139	0.001
0.001	0.001	0.001	0.997
0.049	0.001	0.949	0.001
0.001	0.001	0.997	0.001
0.001	0.144	0.001	0.854
0.001	0.001	0.997	0.001
>CTGGTAAC	19-CTGGTAAC	4.464461	-719.714460	0	T:21386.0(35.58%),B:16855.1(28.47%),P:1e-312	Tpos:100.1,Tstd:57.1,Bpos:99.4,Bstd:61.5,StrandBias:0.0,Multiplicity:1.18
0.139	0.467	0.226	0.168
0.245	0.126	0.015	0.614
0.233	0.011	0.636	0.120
0.064	0.239	0.434	0.263
0.132	0.246	0.011	0.611
0.605	0.009	0.046	0.340
0.788	0.012	0.140	0.060
0.137	0.667	0.134	0.062
>TTACGTCA	20-TTACGTCA	5.637107	-622.202514	0	T:5976.0(9.94%),B:3672.7(6.20%),P:1e-270	Tpos:102.0,Tstd:56.0,Bpos:97.5,Bstd:60.2,StrandBias:0.0,Multiplicity:1.05
0.093	0.041	0.061	0.805
0.114	0.053	0.134	0.699
0.643	0.097	0.185	0.075
0.162	0.763	0.021	0.054
0.203	0.016	0.773	0.008
0.066	0.087	0.158	0.689
0.061	0.844	0.042	0.053
0.785	0.062	0.088	0.065
>CTKWCARG	21-CTKWCARG	5.624630	-560.366901	0	T:17337.0(28.85%),B:13600.7(22.97%),P:1e-243	Tpos:99.3,Tstd:58.0,Bpos:100.0,Bstd:60.6,StrandBias:0.0,Multiplicity:1.13
0.001	0.596	0.001	0.402
0.100	0.001	0.085	0.814
0.001	0.141	0.424	0.433
0.524	0.001	0.083	0.392
0.237	0.761	0.001	0.001
0.941	0.019	0.039	0.001
0.435	0.001	0.563	0.001
0.104	0.231	0.580	0.085
>GTAACTGC	22-GTAACTGC	6.116024	-396.971453	0	T:7745.0(12.89%),B:5556.9(9.38%),P:1e-172	Tpos:99.6,Tstd:55.1,Bpos:99.7,Bstd:62.6,StrandBias:-0.1,Multiplicity:1.05
0.012	0.037	0.913	0.038
0.113	0.053	0.246	0.588
0.816	0.033	0.037	0.114
0.954	0.001	0.044	0.001
0.022	0.962	0.001	0.015
0.031	0.001	0.001	0.967
0.001	0.023	0.924	0.052
0.046	0.952	0.001	0.001
>ACGTGACG	23-ACGTGACG	6.546657	-338.191612	0	T:2557.0(4.25%),B:1454.3(2.46%),P:1e-146	Tpos:100.1,Tstd:49.6,Bpos:90.9,Bstd:56.0,StrandBias:-0.0,Multiplicity:1.17
0.883	0.034	0.053	0.030
0.071	0.889	0.014	0.026
0.001	0.001	0.997	0.001
0.001	0.007	0.001	0.991
0.013	0.235	0.737	0.015
0.980	0.011	0.001	0.008
0.001	0.945	0.017	0.037
0.021	0.199	0.717	0.063
>CGCATGCG	24-CGCATGCG	7.656618	-259.143179	0	T:3183.0(5.30%),B:2061.3(3.48%),P:1e-112	Tpos:99.1,Tstd:50.2,Bpos:94.0,Bstd:64.8,StrandBias:0.0,Multiplicity:1.22
0.001	0.997	0.001	0.001
0.001	0.001	0.997	0.001
0.011	0.987	0.001	0.001
0.934	0.001	0.001	0.064
0.001	0.083	0.326	0.590
0.001	0.001	0.997	0.001
0.001	0.960	0.001	0.038
0.001	0.001	0.910	0.088
>TCTCGCGA	25-TCTCGCGA	9.534041	-149.356572	0	T:363.0(0.60%),B:125.5(0.21%),P:1e-64	Tpos:96.1,Tstd:50.4,Bpos:88.9,Bstd:63.8,StrandBias:0.1,Multiplicity:1.11
0.001	0.001	0.001	0.997
0.223	0.775	0.001	0.001
0.001	0.001	0.035	0.963
0.001	0.997	0.001	0.001
0.001	0.001	0.997	0.001
0.001	0.997	0.001	0.001
0.001	0.001	0.997	0.001
0.997	0.001	0.001	0.001
