>CACYAGRGGGCR	1-CACYAGRGGGCR	8.539095	-16190.048778	0	T:13766.0(22.91%),B:1952.5(3.30%),P:1e-7031	Tpos:99.9,Tstd:38.9,Bpos:99.0,Bstd:61.2,StrandBias:0.0,Multiplicity:1.03
0.010	0.981	0.008	0.001
0.597	0.069	0.158	0.176
0.116	0.531	0.313	0.040
0.177	0.318	0.078	0.427
0.922	0.001	0.076	0.001
0.001	0.001	0.997	0.001
0.463	0.001	0.532	0.004
0.085	0.006	0.586	0.323
0.001	0.001	0.997	0.001
0.023	0.023	0.807	0.147
0.178	0.715	0.029	0.078
0.423	0.006	0.561	0.010
>CCACCWGGTGGC	2-CCACCWGGTGGC	8.601568	-11195.922126	0	T:9758.0(16.24%),B:1383.4(2.34%),P:1e-4862	Tpos:100.2,Tstd:33.9,Bpos:100.5,Bstd:58.1,StrandBias:0.0,Multiplicity:1.03
0.073	0.910	0.007	0.010
0.001	0.997	0.001	0.001
0.766	0.112	0.031	0.091
0.006	0.690	0.193	0.111
0.065	0.655	0.032	0.248
0.511	0.006	0.028	0.455
0.199	0.007	0.747	0.047
0.218	0.130	0.649	0.003
0.017	0.028	0.306	0.649
0.001	0.001	0.997	0.001
0.003	0.007	0.919	0.071
0.197	0.574	0.037	0.192
>CCCCTRGTGGYC	3-CCCCTRGTGGYC	8.157257	-7367.013117	0	T:10373.0(17.26%),B:2490.9(4.21%),P:1e-3199	Tpos:101.3,Tstd:47.1,Bpos:100.6,Bstd:58.2,StrandBias:-0.0,Multiplicity:1.03
0.008	0.940	0.019	0.033
0.122	0.716	0.028	0.134
0.098	0.630	0.027	0.245
0.006	0.977	0.004	0.013
0.046	0.154	0.047	0.753
0.455	0.010	0.361	0.174
0.009	0.229	0.729	0.033
0.180	0.081	0.165	0.574
0.001	0.001	0.993	0.005
0.001	0.063	0.882	0.054
0.154	0.399	0.112	0.336
0.104	0.511	0.240	0.145
>TTGTHATGCAAA	4-TTGTHATGCAAA	7.726167	-2859.389273	0	T:4892.0(8.14%),B:1335.0(2.25%),P:1e-1241	Tpos:101.0,Tstd:52.6,Bpos:97.3,Bstd:60.6,StrandBias:-0.1,Multiplicity:1.09
0.044	0.052	0.027	0.877
0.050	0.007	0.049	0.894
0.137	0.301	0.527	0.035
0.366	0.063	0.046	0.525
0.241	0.251	0.144	0.365
0.791	0.021	0.040	0.148
0.069	0.017	0.037	0.877
0.020	0.015	0.791	0.174
0.040	0.686	0.060	0.214
0.774	0.016	0.003	0.207
0.743	0.018	0.205	0.034
0.910	0.007	0.062	0.021
>ACAGCGCCCCCT	5-ACAGCGCCCCCT	8.630776	-2752.330161	0	T:5769.0(9.60%),B:1836.8(3.10%),P:1e-1195	Tpos:102.5,Tstd:47.1,Bpos:100.8,Bstd:60.1,StrandBias:0.0,Multiplicity:1.03
0.690	0.101	0.177	0.032
0.009	0.497	0.305	0.189
0.805	0.021	0.135	0.039
0.001	0.222	0.776	0.001
0.020	0.952	0.004	0.024
0.145	0.017	0.687	0.151
0.001	0.977	0.013	0.009
0.001	0.969	0.001	0.029
0.164	0.546	0.046	0.244
0.001	0.790	0.001	0.208
0.001	0.997	0.001	0.001
0.130	0.023	0.035	0.812
>NRVTGASTCABN	6-NRVTGASTCABN	7.546215	-2496.583922	0	T:4305.0(7.16%),B:1177.9(1.99%),P:1e-1084	Tpos:100.0,Tstd:47.9,Bpos:100.0,Bstd:56.4,StrandBias:0.0,Multiplicity:1.09
0.218	0.221	0.320	0.241
0.220	0.214	0.367	0.199
0.306	0.388	0.266	0.040
0.013	0.001	0.040	0.946
0.008	0.020	0.939	0.033
0.909	0.051	0.013	0.027
0.054	0.402	0.478	0.065
0.036	0.001	0.014	0.949
0.022	0.951	0.019	0.008
0.960	0.011	0.004	0.025
0.038	0.325	0.341	0.297
0.243	0.333	0.190	0.233
>GGGCGGGGCCTN	7-GGGCGGGGCCTN	7.636392	-2084.326921	0	T:13033.0(21.69%),B:7264.7(12.27%),P:1e-905	Tpos:99.9,Tstd:51.3,Bpos:91.7,Bstd:57.6,StrandBias:0.0,Multiplicity:1.54
0.155	0.001	0.843	0.001
0.001	0.001	0.997	0.001
0.001	0.001	0.997	0.001
0.082	0.776	0.001	0.141
0.016	0.001	0.971	0.012
0.002	0.013	0.818	0.167
0.229	0.001	0.747	0.023
0.145	0.017	0.813	0.025
0.012	0.831	0.001	0.156
0.074	0.565	0.071	0.290
0.228	0.172	0.151	0.449
0.280	0.229	0.285	0.206
>HWATGYAAATGM	8-HWATGYAAATGM	7.470876	-1637.882181	0	T:5057.0(8.41%),B:2023.3(3.42%),P:1e-711	Tpos:100.2,Tstd:54.3,Bpos:98.4,Bstd:62.5,StrandBias:-0.0,Multiplicity:1.07
0.262	0.248	0.110	0.380
0.393	0.236	0.052	0.319
0.700	0.151	0.003	0.146
0.001	0.001	0.001	0.997
0.001	0.001	0.997	0.001
0.001	0.474	0.001	0.524
0.611	0.001	0.001	0.387
0.893	0.001	0.105	0.001
0.997	0.001	0.001	0.001
0.001	0.001	0.001	0.997
0.091	0.202	0.463	0.244
0.370	0.351	0.140	0.139
>RGCCAATCASVG	9-RGCCAATCASVG	7.571625	-1396.052913	0	T:5239.0(8.72%),B:2310.5(3.90%),P:1e-606	Tpos:100.2,Tstd:48.5,Bpos:88.5,Bstd:63.0,StrandBias:0.1,Multiplicity:1.21
0.342	0.159	0.404	0.095
0.242	0.095	0.522	0.141
0.001	0.966	0.032	0.001
0.001	0.997	0.001	0.001
0.997	0.001	0.001	0.001
0.888	0.046	0.001	0.065
0.009	0.135	0.001	0.855
0.096	0.623	0.280	0.001
0.456	0.274	0.269	0.001
0.221	0.307	0.413	0.060
0.338	0.288	0.268	0.105
0.267	0.139	0.433	0.162
>RCATTCCWGAGA	10-RCATTCCWGAGA	9.512638	-935.657183	0	T:1838.0(3.06%),B:547.0(0.92%),P:1e-406	Tpos:99.1,Tstd:47.5,Bpos:104.1,Bstd:60.1,StrandBias:0.0,Multiplicity:1.02
0.443	0.001	0.532	0.024
0.239	0.714	0.046	0.001
0.927	0.001	0.001	0.071
0.001	0.001	0.001	0.997
0.001	0.001	0.061	0.937
0.001	0.921	0.015	0.063
0.001	0.997	0.001	0.001
0.486	0.020	0.001	0.493
0.083	0.250	0.666	0.001
0.728	0.001	0.270	0.001
0.221	0.212	0.566	0.001
0.490	0.142	0.251	0.117
>CCTTTGTYHTGC	11-CCTTTGTYHTGC	8.129761	-910.697974	0	T:4658.0(7.75%),B:2334.4(3.94%),P:1e-395	Tpos:100.0,Tstd:54.4,Bpos:97.6,Bstd:60.1,StrandBias:0.0,Multiplicity:1.04
0.005	0.674	0.102	0.219
0.001	0.823	0.001	0.175
0.141	0.001	0.001	0.857
0.001	0.154	0.003	0.842
0.001	0.001	0.001	0.997
0.003	0.068	0.903	0.026
0.019	0.042	0.028	0.911
0.010	0.330	0.227	0.434
0.272	0.346	0.061	0.320
0.071	0.035	0.100	0.794
0.019	0.208	0.507	0.266
0.114	0.440	0.289	0.156
>KCWCAGCAGGAR	12-KCWCAGCAGGAR	9.196007	-663.041910	0	T:3289.0(5.47%),B:1620.6(2.74%),P:1e-287	Tpos:99.2,Tstd:50.0,Bpos:103.0,Bstd:57.9,StrandBias:-0.1,Multiplicity:1.03
0.216	0.003	0.378	0.404
0.197	0.599	0.190	0.014
0.424	0.128	0.001	0.447
0.001	0.997	0.001	0.001
0.791	0.006	0.001	0.202
0.001	0.055	0.943	0.001
0.001	0.972	0.026	0.001
0.816	0.001	0.044	0.139
0.001	0.001	0.928	0.070
0.001	0.069	0.929	0.001
0.696	0.062	0.224	0.018
0.525	0.068	0.406	0.001
>ATTCCATTSNAT	13-ATTCCATTSNAT	4.826777	-658.564164	0	T:24481.0(40.73%),B:19928.7(33.66%),P:1e-286	Tpos:100.7,Tstd:56.7,Bpos:100.4,Bstd:61.5,StrandBias:-0.0,Multiplicity:1.41
0.597	0.186	0.080	0.137
0.123	0.034	0.042	0.801
0.046	0.145	0.144	0.665
0.079	0.628	0.225	0.068
0.073	0.870	0.001	0.056
0.563	0.127	0.001	0.309
0.158	0.059	0.120	0.663
0.034	0.065	0.105	0.796
0.126	0.318	0.377	0.179
0.248	0.216	0.343	0.194
0.471	0.234	0.094	0.202
0.334	0.044	0.134	0.488
>GGGAGGAATTTC	14-GGGAGGAATTTC	7.049229	-495.954924	0	T:4789.0(7.97%),B:2936.6(4.96%),P:1e-215	Tpos:100.8,Tstd:54.5,Bpos:101.1,Bstd:59.7,StrandBias:0.0,Multiplicity:1.04
0.082	0.019	0.850	0.049
0.035	0.021	0.904	0.040
0.074	0.252	0.643	0.031
0.754	0.009	0.043	0.194
0.032	0.007	0.937	0.024
0.023	0.023	0.942	0.012
0.819	0.074	0.078	0.029
0.825	0.028	0.105	0.042
0.060	0.043	0.050	0.847
0.010	0.068	0.073	0.849
0.024	0.095	0.043	0.838
0.068	0.793	0.087	0.052
>CTTTGTTTACAC	15-CTTTGTTTACAC	10.341375	-488.112578	0	T:147.0(0.24%),B:2.9(0.00%),P:1e-211	Tpos:106.8,Tstd:43.6,Bpos:46.3,Bstd:36.5,StrandBias:0.1,Multiplicity:1.00
0.003	0.980	0.016	0.001
0.001	0.001	0.001	0.997
0.001	0.001	0.001	0.997
0.001	0.001	0.001	0.997
0.008	0.001	0.990	0.001
0.002	0.001	0.001	0.996
0.001	0.001	0.001	0.997
0.001	0.001	0.001	0.997
0.997	0.001	0.001	0.001
0.001	0.978	0.005	0.016
0.997	0.001	0.001	0.001
0.001	0.994	0.004	0.001
>GKCACTTCCGGY	16-GKCACTTCCGGY	7.625096	-480.530552	0	T:3762.0(6.26%),B:2170.0(3.66%),P:1e-208	Tpos:100.1,Tstd:52.0,Bpos:95.8,Bstd:57.5,StrandBias:-0.0,Multiplicity:1.10
0.113	0.326	0.507	0.054
0.101	0.100	0.382	0.417
0.112	0.638	0.232	0.018
0.844	0.001	0.119	0.036
0.001	0.997	0.001	0.001
0.001	0.001	0.001	0.997
0.001	0.001	0.001	0.997
0.001	0.997	0.001	0.001
0.001	0.997	0.001	0.001
0.001	0.001	0.769	0.229
0.001	0.192	0.806	0.001
0.001	0.435	0.151	0.412
>GCGCATGCGCAB	17-GCGCATGCGCAB	9.280262	-476.403327	0	T:2231.0(3.71%),B:1071.0(1.81%),P:1e-206	Tpos:99.5,Tstd:48.1,Bpos:89.4,Bstd:62.4,StrandBias:-0.0,Multiplicity:1.21
0.067	0.012	0.916	0.005
0.032	0.936	0.028	0.004
0.029	0.013	0.950	0.008
0.005	0.978	0.008	0.009
0.694	0.156	0.066	0.084
0.061	0.061	0.119	0.759
0.002	0.005	0.989	0.004
0.008	0.950	0.007	0.035
0.008	0.023	0.908	0.061
0.006	0.928	0.012	0.054
0.709	0.108	0.096	0.087
0.134	0.305	0.282	0.279
>ACTACAATTCCC	18-ACTACAATTCCC	11.337187	-452.983828	0	T:822.0(1.37%),B:230.6(0.39%),P:1e-196	Tpos:100.8,Tstd:48.9,Bpos:80.2,Bstd:60.5,StrandBias:-0.1,Multiplicity:1.11
0.895	0.073	0.020	0.012
0.023	0.932	0.015	0.030
0.028	0.115	0.008	0.849
0.728	0.084	0.101	0.087
0.009	0.926	0.058	0.007
0.862	0.032	0.086	0.020
0.503	0.097	0.071	0.329
0.088	0.241	0.077	0.594
0.080	0.034	0.020	0.866
0.013	0.953	0.008	0.026
0.031	0.931	0.025	0.013
0.009	0.963	0.008	0.020
>GTGACGTCATCG	19-GTGACGTCATCG	7.639691	-401.537507	0	T:1970.0(3.28%),B:962.2(1.63%),P:1e-174	Tpos:99.6,Tstd:47.9,Bpos:89.9,Bstd:53.1,StrandBias:0.0,Multiplicity:1.05
0.118	0.130	0.716	0.036
0.036	0.043	0.041	0.880
0.067	0.087	0.821	0.025
0.850	0.037	0.081	0.032
0.058	0.730	0.086	0.126
0.081	0.095	0.744	0.080
0.027	0.091	0.047	0.835
0.039	0.854	0.083	0.024
0.837	0.072	0.042	0.049
0.044	0.242	0.182	0.532
0.073	0.689	0.142	0.096
0.184	0.195	0.512	0.109
>TGRKCTAGYGGK	20-TGRKCTAGYGGK	8.661516	-306.645038	0	T:132.0(0.22%),B:6.0(0.01%),P:1e-133	Tpos:98.5,Tstd:43.3,Bpos:117.0,Bstd:43.8,StrandBias:-0.1,Multiplicity:1.42
0.029	0.189	0.023	0.759
0.183	0.319	0.476	0.022
0.312	0.196	0.456	0.036
0.118	0.218	0.271	0.393
0.151	0.658	0.164	0.027
0.153	0.025	0.189	0.633
0.657	0.021	0.028	0.294
0.133	0.144	0.575	0.148
0.132	0.389	0.236	0.243
0.374	0.021	0.584	0.021
0.155	0.029	0.644	0.172
0.231	0.015	0.344	0.411
>CAGCTCAGCAAG	21-CAGCTCAGCAAG	11.401752	-275.628619	0	T:95.0(0.16%),B:2.6(0.00%),P:1e-119	Tpos:89.1,Tstd:58.6,Bpos:44.8,Bstd:17.8,StrandBias:-0.6,Multiplicity:1.00
0.001	0.997	0.001	0.001
0.997	0.001	0.001	0.001
0.001	0.001	0.997	0.001
0.001	0.997	0.001	0.001
0.001	0.001	0.001	0.997
0.001	0.997	0.001	0.001
0.687	0.001	0.311	0.001
0.001	0.001	0.997	0.001
0.001	0.990	0.001	0.008
0.997	0.001	0.001	0.001
0.997	0.001	0.001	0.001
0.001	0.001	0.997	0.001
>ACTCAAGCCTCA	22-ACTCAAGCCTCA	11.892128	-229.057132	0	T:197.0(0.33%),B:26.3(0.04%),P:1e-99	Tpos:98.9,Tstd:39.1,Bpos:70.0,Bstd:60.6,StrandBias:-0.1,Multiplicity:1.00
0.997	0.001	0.001	0.001
0.002	0.951	0.001	0.046
0.001	0.001	0.001	0.997
0.026	0.920	0.001	0.053
0.997	0.001	0.001	0.001
0.997	0.001	0.001	0.001
0.002	0.018	0.978	0.002
0.001	0.997	0.001	0.001
0.002	0.978	0.002	0.018
0.018	0.001	0.002	0.979
0.001	0.981	0.001	0.017
0.987	0.011	0.001	0.001
>GAACCGAATGGA	23-GAACCGAATGGA	9.269211	-222.770448	0	T:81.0(0.13%),B:2.9(0.00%),P:1e-96	Tpos:97.6,Tstd:51.3,Bpos:144.7,Bstd:55.6,StrandBias:0.5,Multiplicity:3.07
0.233	0.084	0.607	0.076
0.727	0.067	0.019	0.187
0.525	0.264	0.032	0.179
0.215	0.481	0.031	0.274
0.047	0.600	0.312	0.041
0.067	0.119	0.568	0.246
0.683	0.045	0.230	0.042
0.625	0.263	0.082	0.030
0.079	0.183	0.031	0.707
0.051	0.187	0.572	0.190
0.197	0.128	0.594	0.081
0.658	0.238	0.080	0.024
>CCGTCACGTGAC	24-CCGTCACGTGAC	8.882259	-220.896001	0	T:821.0(1.37%),B:355.9(0.60%),P:1e-95	Tpos:100.6,Tstd:48.8,Bpos:94.3,Bstd:54.9,StrandBias:0.0,Multiplicity:1.06
0.036	0.679	0.235	0.050
0.106	0.488	0.285	0.121
0.081	0.123	0.742	0.054
0.010	0.160	0.083	0.747
0.008	0.974	0.004	0.014
0.955	0.021	0.011	0.013
0.015	0.905	0.041	0.039
0.049	0.055	0.884	0.012
0.007	0.017	0.009	0.967
0.009	0.007	0.977	0.007
0.819	0.037	0.130	0.014
0.009	0.868	0.094	0.029
>CCGCTAAGTAGC	25-CCGCTAAGTAGC	10.958482	-156.047028	0	T:106.0(0.18%),B:10.5(0.02%),P:1e-67	Tpos:113.8,Tstd:59.0,Bpos:76.2,Bstd:59.5,StrandBias:0.1,Multiplicity:1.05
0.012	0.919	0.035	0.034
0.051	0.566	0.040	0.343
0.033	0.018	0.916	0.033
0.008	0.939	0.025	0.028
0.020	0.013	0.028	0.939
0.944	0.013	0.020	0.023
0.705	0.247	0.038	0.010
0.054	0.028	0.646	0.272
0.023	0.028	0.020	0.929
0.925	0.025	0.018	0.032
0.277	0.018	0.695	0.010
0.023	0.881	0.028	0.068
