>CTGCAACGTATT	10-CTGCAACGTATT,BestGuess:TEAD1/MA0090.3/Jaspar(0.650)	11.563877	-65.689805	0	T:27.0(0.05%),B:1.9(0.00%),P:1e-28
0.034	0.900	0.022	0.044
0.075	0.001	0.022	0.902
0.022	0.045	0.878	0.055
0.033	0.806	0.150	0.011
0.902	0.022	0.011	0.065
0.868	0.033	0.033	0.066
0.045	0.579	0.215	0.161
0.049	0.066	0.829	0.056
0.033	0.033	0.033	0.901
0.888	0.043	0.024	0.045
0.162	0.033	0.078	0.727
0.055	0.044	0.056	0.845
