>GTGCCGTAGTTT	9-GTGCCGTAGTTT,BestGuess:GFI1/MA0038.2/Jaspar(0.619)	10.897774	-65.689805	0	T:27.0(0.05%),B:1.8(0.00%),P:1e-28
0.064	0.038	0.897	0.001
0.051	0.001	0.013	0.935
0.039	0.076	0.820	0.065
0.064	0.858	0.027	0.051
0.103	0.681	0.039	0.177
0.052	0.104	0.799	0.045
0.077	0.051	0.065	0.807
0.807	0.026	0.077	0.090
0.064	0.064	0.795	0.077
0.039	0.013	0.039	0.909
0.039	0.013	0.052	0.896
0.076	0.039	0.064	0.821
