>CCGAGTTCACGC	19-CCGAGTTCACGC,BestGuess:VDR/MA0693.2/Jaspar(0.741)	10.609662	-47.047279	0	T:276.0(0.46%),B:149.8(0.25%),P:1e-20
0.050	0.866	0.036	0.048
0.134	0.632	0.069	0.165
0.150	0.116	0.652	0.082
0.781	0.031	0.109	0.079
0.064	0.060	0.818	0.058
0.196	0.066	0.075	0.663
0.031	0.078	0.055	0.836
0.021	0.902	0.036	0.041
0.754	0.090	0.091	0.065
0.110	0.588	0.168	0.134
0.129	0.093	0.691	0.087
0.048	0.819	0.063	0.070
