>AATACGTTGCAG	10-CTGCAACGTATT	11.563877	-65.689805	0	T:27.0(0.05%),B:1.9(0.00%),P:1e-28
0.845	0.056	0.044	0.055
0.727	0.078	0.033	0.162
0.045	0.024	0.043	0.888
0.901	0.033	0.033	0.033
0.056	0.829	0.066	0.049
0.161	0.215	0.579	0.045
0.066	0.033	0.033	0.868
0.065	0.011	0.022	0.902
0.011	0.150	0.806	0.033
0.055	0.878	0.045	0.022
0.902	0.022	0.001	0.075
0.044	0.022	0.900	0.034
