>AAACTACGGCAC	9-GTGCCGTAGTTT	10.897774	-65.689805	0	T:27.0(0.05%),B:1.8(0.00%),P:1e-28
0.821	0.064	0.039	0.076
0.896	0.052	0.013	0.039
0.909	0.039	0.013	0.039
0.077	0.795	0.064	0.064
0.090	0.077	0.026	0.807
0.807	0.065	0.051	0.077
0.045	0.799	0.104	0.052
0.177	0.039	0.681	0.103
0.051	0.027	0.858	0.064
0.065	0.820	0.076	0.039
0.935	0.013	0.001	0.051
0.001	0.897	0.038	0.064
