>CTACCTTCCTTC	25-CTACCTTCCTTC,BestGuess:EWSR1-FLI1/MA0149.1/Jaspar(0.764)	10.823882	-29.035924	0	T:208.0(0.35%),B:121.9(0.20%),P:1e-12
0.025	0.876	0.034	0.065
0.052	0.088	0.007	0.853
0.634	0.101	0.127	0.138
0.042	0.855	0.027	0.076
0.068	0.859	0.016	0.057
0.039	0.067	0.013	0.881
0.067	0.043	0.100	0.790
0.027	0.868	0.035	0.070
0.046	0.878	0.010	0.066
0.015	0.119	0.008	0.858
0.064	0.051	0.040	0.845
0.052	0.805	0.043	0.100
